0 5625 13041.8590073
1 5625 10986.7761692
2 5625 10485.8580332
3 5625 10255.2953959
4 5625 10148.9253449
5 5625 10048.7297886
6 5625 9994.77819046
7 5625 9932.04116461
8 5625 9933.61135653
9 5625 9890.39914897
10 5625 9873.34201039
11 5625 9871.15941426
12 5625 9844.97602828
13 5625 9819.57516013
14 5625 9821.60074241
15 5625 9814.58709034
16 5625 9787.00795926
17 5625 9733.89520879
18 5625 9729.3806366
19 5625 9750.66397451
20 5625 9749.26693378
21 5625 9737.76583436
22 5625 9751.84143959
23 5625 9742.36316077
24 5625 9716.49995643
25 5625 9721.50948709
26 5625 9693.44331038
27 5625 9695.38482727
28 5625 9704.64257354
29 5625 9688.56880032
30 5625 9696.80078217
31 5625 9682.85134767
32 5625 9667.68279269
33 5625 9673.84668374
34 5625 9675.01885352
35 5625 9681.81331117
36 5625 9661.43582241
37 5625 9683.63304217
38 5625 9672.12413538
39 5625 9677.53575474
40 5625 9657.93179023
41 5625 9668.21625535
42 5625 9657.60778496
43 5625 9633.77249099
44 5625 9640.84294918
45 5625 9624.67756346
46 5625 9641.06721881
47 5625 9654.70273438
48 5625 9638.86447293
49 5625 9662.83442686
50 5625 9662.1231012
51 5625 9611.60461417
52 5625 9613.50063106
53 5625 9645.56982417
54 5625 9615.08175243
55 5625 9630.2964469
56 5625 9625.52258331
57 5625 9600.32997213
58 5625 9622.24165793
59 5625 9607.13942651
60 5625 9597.38685422
61 5625 9609.37787677
62 5625 9589.83515508
63 5625 9609.43729439
64 5625 9597.7030863
65 5625 9615.63345322
66 5625 9581.43919235
67 5625 9594.18729177
68 5625 9578.82787682
69 5625 9537.75038883
70 5625 9465.04578224
71 5625 9099.22481
72 5625 8486.02746438
73 5625 8356.53496892
74 5625 8303.28810667
75 5625 8299.33121435
76 5625 8299.39712165
77 5625 8264.52666771
78 5625 8257.4429319
79 5625 8249.49723388
80 5625 8227.54506825
81 5625 8225.33018853
82 5625 8217.1608227
83 5625 8225.99759831
84 5625 8215.53119876
85 5625 8216.11330809
86 5625 8220.73181654
87 5625 8228.29368074
88 5625 8227.9028128
89 5625 8227.2768563
90 5625 8197.08340098
91 5625 8194.26986612
92 5625 8201.52926835
93 5625 8199.83526255
94 5625 8190.1872468
95 5625 8180.97061518
96 5625 8192.08440302
97 5625 8191.15109152
98 5625 8167.24123533
99 5625 8178.65289927
100 5625 8184.63023508
101 5625 8161.53895185
102 5625 8173.23832173
103 5625 8204.26463429
104 5625 8172.76824826
105 5625 8174.52812708
106 5625 8191.05600207
107 5625 8187.80109708
108 5625 8144.87454163
109 5625 8147.1229352
110 5625 8164.7892688
111 5625 8162.69133258
112 5625 8155.80291577
113 5625 8163.4581527
114 5625 8144.57504936
115 5625 8134.98484509
116 5625 8133.16060707
117 5625 8141.13158721
118 5625 8128.04977393
119 5625 8122.39403193
120 5625 8110.12403416
121 5625 8108.57037629
122 5625 8105.97460251
123 5625 8113.52325779
124 5625 8119.5180615
125 5625 8080.29020924
126 5625 8099.25071939
127 5625 8094.31003942
128 5625 8115.80657864
129 5625 8096.23131352
130 5625 8105.32292259
131 5625 8086.80802826
132 5625 8099.07506566
133 5625 8094.68111147
134 5625 8105.80793709
135 5625 8087.04705614
136 5625 8070.2146614
137 5625 8052.78504508
138 5625 8080.24034667
139 5625 8058.06215589
140 5625 8063.16966362
141 5625 8039.456941
142 5625 8075.98937783
143 5625 8060.84816514
144 5625 8071.52079293
145 5625 8069.98034175
146 5625 8077.12416266
147 5625 8036.7244757
148 5625 8042.57181543
149 5625 8040.41451944
150 5625 8054.21326888
151 5625 8058.65863341
152 5625 8074.92865744
153 5625 8047.71248268
154 5625 8059.24732151
155 5625 8028.32481633
156 5625 8049.27562832
157 5625 8035.05630553
158 5625 8061.12500185
159 5625 8074.63913355
160 5625 8045.51574853
161 5625 8044.88819062
162 5625 8050.69426695
163 5625 8033.03692386
164 5625 8038.66993492
165 5625 8039.60527711
166 5625 8037.82986802
167 5625 8036.0629209
168 5625 8038.96520355
169 5625 8024.98638137
170 5625 8018.09190639
171 5625 8045.15181623
172 5625 8026.3799907
173 5625 8033.5270911
174 5625 8040.36572175
175 5625 8027.32503901
176 5625 8026.54999211
177 5625 8037.39726311
178 5625 8010.60521851
179 5625 8028.7517895
180 5625 8002.30411805
181 5625 8027.58190919
182 5625 8016.31278104
183 5625 8037.95728439
184 5625 8009.64740214
185 5625 8015.07875753
186 5625 8010.10873585
187 5625 8021.99291941
188 5625 8027.00459559
189 5625 7988.62285035
190 5625 8013.82986035
191 5625 8018.11634687
192 5625 8022.38315362
193 5625 8014.27809983
194 5625 8007.23217539
195 5625 8025.44386954
196 5625 8017.21969131
197 5625 8007.54560653
198 5625 7985.90552913
199 5625 8002.72367841
200 5625 8004.10402476
201 5625 8003.38207705
202 5625 8012.32106246
203 5625 7989.94621946
204 5625 7980.10360789
205 5625 7983.33762384
206 5625 8010.19275786
207 5625 8006.73416292
208 5625 7977.27829722
209 5625 7982.99221984
210 5625 7982.86824204
211 5625 7980.43103295
212 5625 7978.85937288
213 5625 7974.12382545
214 5625 7999.52179769
215 5625 7973.34928708
216 5625 7970.03379133
217 5625 7978.62000854
218 5625 7973.44157985
219 5625 7986.56129253
220 5625 8011.86678727
221 5625 7996.23841556
222 5625 7963.29005919
223 5625 7964.80327008
224 5625 7979.22424281
225 5625 7965.58799051
226 5625 7975.60151885
227 5625 7963.66218625
228 5625 8005.5132786
229 5625 7957.34814382
230 5625 7988.0176297
231 5625 7960.36515305
232 5625 7965.18291852
233 5625 7983.24339344
234 5625 7956.92097283
235 5625 7957.63818932
236 5625 7969.97279873
237 5625 7974.28253144
238 5625 7969.74492282
239 5625 7953.08467076
240 5625 7984.82093012
241 5625 7947.29153349
242 5625 7950.78655127
243 5625 7989.90422442
244 5625 7944.97188556
245 5625 7965.81205954
246 5625 7937.6904721
247 5625 7954.63327344
248 5625 7972.86788365
249 5625 7962.65436979
250 5625 7981.78983513
251 5625 7955.69923625
252 5625 7975.97081009
253 5625 7964.16582949
254 5625 7977.78304391
255 5625 7942.60411463
256 5625 7955.32319216
257 5625 7955.55394421
258 5625 7950.59198176
259 5625 7950.06188138
260 5625 7942.8815222
261 5625 7956.58718436
262 5625 7937.88947695
263 5625 7958.5836881
264 5625 7963.5493066
265 5625 7959.07463829
266 5625 7943.31223761
267 5625 7969.3172702
268 5625 7960.30059618
269 5625 7951.91443722
270 5625 7936.15406632
271 5625 7961.35333786
272 5625 7967.41116048
273 5625 7958.34891216
274 5625 7953.63383156
275 5625 7950.85116459
276 5625 7925.93509752
277 5625 7947.16010636
278 5625 7933.94456942
279 5625 7943.89993189
280 5625 7936.61306312
281 5625 7948.27531047
282 5625 7944.57668265
283 5625 7956.61466527
284 5625 7928.60861479
285 5625 7933.43172595
286 5625 7939.1598989
287 5625 7933.55145204
288 5625 7958.14397676
289 5625 7945.58117823
290 5625 7951.14109478
291 5625 7961.23665636
292 5625 7948.12638763
293 5625 7959.1323138
294 5625 7950.9923761
295 5625 7927.23880889
296 5625 7932.43183457
297 5625 7940.19993929
298 5625 7951.69458908
299 5625 7941.78862214
