0 5625 7456.34348574
1 5625 7421.9268356
2 5625 7427.18181128
3 5625 7436.41609204
4 5625 7442.57590616
5 5625 7440.86284052
6 5625 7416.17543294
7 5625 7450.42349097
8 5625 7435.07809681
9 5625 7417.62879281
10 5625 7438.28560374
11 5625 7432.50345808
12 5625 7423.44334227
13 5625 7423.62742478
14 5625 7437.6406356
15 5625 7454.43643121
16 5625 7422.7003628
17 5625 7453.95696434
18 5625 7444.70066033
19 5625 7430.65796723
20 5625 7426.65955925
21 5625 7447.8819478
22 5625 7466.6871242
23 5625 7427.60949126
24 5625 7472.25280956
25 5625 7451.64028575
26 5625 7411.63074557
27 5625 7454.91211674
28 5625 7449.14660331
29 5625 7448.35252068
30 5625 7450.80944141
31 5625 7458.70212793
32 5625 7437.9620265
33 5625 7433.34198694
34 5625 7418.61789478
35 5625 7459.27590834
36 5625 7448.89184679
37 5625 7426.89122925
38 5625 7412.75300634
39 5625 7426.82549839
40 5625 7459.06543217
41 5625 7427.22832678
42 5625 7449.25482564
43 5625 7412.66239405
44 5625 7426.10797357
45 5625 7443.55896357
46 5625 7436.45634735
47 5625 7426.72337906
48 5625 7438.92313528
49 5625 7431.36929832
50 5625 7424.48832525
51 5625 7424.81549593
52 5625 7438.05891665
53 5625 7438.79389454
54 5625 7463.23092735
55 5625 7464.06053394
56 5625 7421.88709102
57 5625 7437.50886415
58 5625 7464.5501221
59 5625 7437.88295759
60 5625 7442.66468208
61 5625 7452.11225837
62 5625 7471.28417444
63 5625 7430.43822446
64 5625 7433.82369876
65 5625 7428.72522632
66 5625 7431.04626058
67 5625 7445.63608267
68 5625 7480.98597245
69 5625 7469.32998985
70 5625 7458.55954204
71 5625 7427.38978634
72 5625 7457.27832833
73 5625 7436.62583167
74 5625 7459.136349
75 5625 7454.5481829
76 5625 7440.83245516
77 5625 7429.04806439
78 5625 7439.80307344
79 5625 7433.18425063
80 5625 7418.46829159
81 5625 7406.99478716
82 5625 7449.35538709
83 5625 7426.82336335
84 5625 7439.69387379
85 5625 7440.13033423
86 5625 7441.11416013
87 5625 7433.0347345
88 5625 7427.195026
89 5625 7399.48125537
90 5625 7442.75409006
91 5625 7421.92456603
92 5625 7407.12354687
93 5625 7417.84421956
94 5625 7430.92359823
95 5625 7426.88420105
96 5625 7428.75696005
97 5625 7436.45712412
98 5625 7424.30628972
99 5625 7424.41217016
100 5625 7419.77782769
101 5625 7449.01714131
102 5625 7437.37252339
103 5625 7420.66613994
104 5625 7434.93695536
105 5625 7450.73380718
106 5625 7438.6652255
107 5625 7420.85874674
108 5625 7439.99016271
109 5625 7435.75451944
110 5625 7428.86201454
111 5625 7467.09819739
112 5625 7433.15016959
113 5625 7400.59425414
114 5625 7413.82437018
115 5625 7443.17164518
116 5625 7408.14343426
117 5625 7423.33108364
118 5625 7472.07663295
119 5625 7462.59753802
120 5625 7442.57038795
121 5625 7410.9223652
122 5625 7418.99763172
123 5625 7441.5168369
124 5625 7460.64479988
125 5625 7420.5850708
126 5625 7416.78941717
127 5625 7426.02774308
128 5625 7414.22808486
129 5625 7425.9206217
130 5625 7436.60687149
131 5625 7424.88521552
132 5625 7433.91353642
133 5625 7434.51473624
134 5625 7445.42152475
135 5625 7425.27351525
136 5625 7406.52803844
137 5625 7432.31933268
138 5625 7399.70694795
139 5625 7424.67921951
140 5625 7433.76337721
141 5625 7441.59407835
142 5625 7434.40509765
143 5625 7428.26032969
144 5625 7421.47679188
145 5625 7422.78504552
146 5625 7451.71788379
147 5625 7405.30623405
148 5625 7408.21004364
149 5625 7408.89325008
150 5625 7423.58509635
151 5625 7436.40215836
152 5625 7425.35486495
153 5625 7413.97149011
154 5625 7433.10958426
155 5625 7457.86008967
156 5625 7456.40632546
157 5625 7423.95328793
158 5625 7425.46516136
159 5625 7398.90599912
160 5625 7443.78599619
161 5625 7411.66055946
162 5625 7425.13612342
163 5625 7429.95683204
164 5625 7414.88554245
165 5625 7423.63523887
166 5625 7439.0222276
167 5625 7413.96617375
168 5625 7433.84403824
169 5625 7420.22883308
170 5625 7410.54003907
171 5625 7421.39123432
172 5625 7417.13356664
173 5625 7438.54566211
174 5625 7434.8578067
175 5625 7413.69871006
176 5625 7426.01829728
177 5625 7436.92460491
178 5625 7434.40308564
179 5625 7444.33937961
180 5625 7431.64482968
181 5625 7423.28955633
182 5625 7457.38059834
183 5625 7427.80473519
184 5625 7440.00379609
185 5625 7421.42272965
186 5625 7417.17029197
187 5625 7421.29962047
188 5625 7447.49901208
189 5625 7423.96618622
190 5625 7401.94226208
191 5625 7413.5644605
192 5625 7416.96339762
193 5625 7457.61322062
194 5625 7435.4969554
195 5625 7438.64173359
196 5625 7418.63077428
197 5625 7437.94572554
198 5625 7417.81667619
199 5625 7410.46692702
200 5625 7428.95309839
201 5625 7410.44954887
202 5625 7428.72396896
203 5625 7429.12584057
204 5625 7401.66288627
205 5625 7414.75252731
206 5625 7429.03255216
207 5625 7456.8389452
208 5625 7402.84585313
209 5625 7413.79774649
210 5625 7421.54928688
211 5625 7436.08140886
212 5625 7442.13460685
213 5625 7440.6135498
214 5625 7410.50233818
215 5625 7428.99253856
216 5625 7475.9498753
217 5625 7418.17152778
218 5625 7446.07245962
219 5625 7409.30777246
220 5625 7417.4356457
221 5625 7439.67578812
222 5625 7439.95364394
223 5625 7445.08745521
224 5625 7423.82365146
225 5625 7436.40213312
226 5625 7424.75368118
227 5625 7468.00290673
228 5625 7423.50899711
229 5625 7438.50659571
230 5625 7434.58635137
231 5625 7393.67189483
232 5625 7417.41080834
233 5625 7440.82161494
234 5625 7409.05416393
235 5625 7445.44988485
236 5625 7404.43465011
237 5625 7428.78473986
238 5625 7453.05063575
239 5625 7414.82967494
240 5625 7453.08563929
241 5625 7437.27919586
242 5625 7437.38202442
243 5625 7445.94852563
244 5625 7424.49171698
245 5625 7455.04097144
246 5625 7442.54879478
247 5625 7415.73572549
248 5625 7450.68908104
249 5625 7412.20389232
250 5625 7429.16360899
251 5625 7408.32094475
252 5625 7419.6745533
253 5625 7441.86253291
254 5625 7420.48257671
255 5625 7446.75847198
256 5625 7434.38248388
257 5625 7427.3082422
258 5625 7448.05340043
259 5625 7450.02060679
260 5625 7417.74246214
261 5625 7440.08156577
262 5625 7441.21140712
263 5625 7440.1571326
264 5625 7412.68131611
265 5625 7444.19557802
266 5625 7432.42986907
267 5625 7420.52427739
268 5625 7446.45634263
269 5625 7417.7571179
270 5625 7433.80258378
271 5625 7443.89185534
272 5625 7420.38941032
273 5625 7425.31491189
274 5625 7439.62624259
275 5625 7449.56808358
276 5625 7430.61428982
277 5625 7425.2369837
278 5625 7426.67739028
279 5625 7425.93259495
280 5625 7442.76810262
281 5625 7421.73582721
282 5625 7427.31156148
283 5625 7433.15914489
284 5625 7448.48971937
285 5625 7425.84448789
286 5625 7439.8091398
287 5625 7413.47418132
288 5625 7434.17404142
289 5625 7411.16693447
290 5625 7433.25457773
291 5625 7442.82782414
292 5625 7458.44426794
293 5625 7453.941193
294 5625 7417.68179988
295 5625 7468.78659914
296 5625 7426.04251032
297 5625 7430.47931412
298 5625 7446.03059131
299 5625 7439.31696881
