0 5625 7711.2002238
1 5625 7696.63307421
2 5625 7695.8596792
3 5625 7667.17130069
4 5625 7682.04089651
5 5625 7688.13942881
6 5625 7698.51404639
7 5625 7684.00877275
8 5625 7691.81615493
9 5625 7678.28725879
10 5625 7660.38553885
11 5625 7655.97775063
12 5625 7663.77370882
13 5625 7663.26024678
14 5625 7664.14767188
15 5625 7654.96127775
16 5625 7666.54924395
17 5625 7640.41297124
18 5625 7680.71184552
19 5625 7649.11302263
20 5625 7638.21973085
21 5625 7651.06756353
22 5625 7656.43430425
23 5625 7641.2527548
24 5625 7659.4627279
25 5625 7651.21891835
26 5625 7633.1747124
27 5625 7625.56846975
28 5625 7673.61731096
29 5625 7661.69100344
30 5625 7641.09748506
31 5625 7629.2884655
32 5625 7635.73393359
33 5625 7627.9792398
34 5625 7627.60368104
35 5625 7637.75577251
36 5625 7644.0452006
37 5625 7645.82492023
38 5625 7648.17506795
39 5625 7606.88538781
40 5625 7627.41015447
41 5625 7616.65707287
42 5625 7643.60100612
43 5625 7622.81558923
44 5625 7608.9477068
45 5625 7588.61320686
46 5625 7618.89342174
47 5625 7613.41292569
48 5625 7596.57492287
49 5625 7595.06100453
50 5625 7613.3649559
51 5625 7581.38983795
52 5625 7604.24755616
53 5625 7613.82751899
54 5625 7612.92447945
55 5625 7612.57504764
56 5625 7603.85351989
57 5625 7604.65368228
58 5625 7627.19660497
59 5625 7619.19734375
60 5625 7615.27728594
61 5625 7617.41467313
62 5625 7621.59755389
63 5625 7624.0506079
64 5625 7609.22187386
65 5625 7614.2800918
66 5625 7626.51118945
67 5625 7630.715587
68 5625 7595.68731318
69 5625 7624.50936898
70 5625 7644.54506469
71 5625 7639.67250987
72 5625 7657.18062045
73 5625 7651.61878894
74 5625 7654.46064239
75 5625 7623.7426009
76 5625 7650.31809029
77 5625 7644.22717357
78 5625 7617.43001944
79 5625 7638.2814485
80 5625 7644.9457819
81 5625 7623.57322075
82 5625 7635.30469541
83 5625 7653.87761869
84 5625 7651.1364283
85 5625 7657.04449782
86 5625 7662.37618306
87 5625 7646.67789233
88 5625 7661.87376171
89 5625 7642.80097707
90 5625 7673.49242968
91 5625 7655.97334757
92 5625 7661.28738617
93 5625 7638.9096536
94 5625 7674.99519891
95 5625 7655.40762988
96 5625 7666.8029302
97 5625 7637.29444823
98 5625 7640.72277682
99 5625 7654.75845921
100 5625 7624.02071007
101 5625 7613.13128057
102 5625 7626.29667716
103 5625 7583.38106453
104 5625 7607.19228974
105 5625 7590.55460636
106 5625 7585.04144661
107 5625 7604.79986098
108 5625 7593.98790485
109 5625 7594.49865051
110 5625 7565.67055001
111 5625 7587.08704079
112 5625 7592.6675908
113 5625 7588.9392909
114 5625 7566.01597031
115 5625 7580.3947694
116 5625 7549.49853633
117 5625 7586.19291202
118 5625 7571.66679243
119 5625 7548.95502466
120 5625 7558.03327999
121 5625 7547.73302645
122 5625 7534.16112271
123 5625 7549.62689528
124 5625 7559.01240527
125 5625 7539.94065872
126 5625 7521.98154576
127 5625 7544.35554861
128 5625 7525.41621578
129 5625 7513.27819752
130 5625 7533.09806897
131 5625 7539.68660913
132 5625 7562.83035666
133 5625 7535.63130824
134 5625 7549.23414366
135 5625 7548.51607095
136 5625 7503.74894703
137 5625 7502.90637189
138 5625 7510.17387192
139 5625 7536.23549312
140 5625 7485.87640525
141 5625 7512.59243435
142 5625 7521.89161646
143 5625 7503.3467032
144 5625 7545.48788869
145 5625 7512.06523926
146 5625 7530.61846224
147 5625 7503.39399468
148 5625 7497.67255873
149 5625 7516.57116258
150 5625 7530.37040477
151 5625 7521.46672157
152 5625 7499.70891695
153 5625 7503.23465395
154 5625 7493.31583608
155 5625 7528.95249964
156 5625 7518.95876007
157 5625 7498.18720427
158 5625 7493.51205062
159 5625 7502.77506315
160 5625 7534.49463552
161 5625 7524.14772758
162 5625 7522.42948632
163 5625 7521.22722313
164 5625 7475.77896819
165 5625 7492.88520199
166 5625 7521.80397131
167 5625 7515.46217153
168 5625 7486.18159951
169 5625 7533.72175354
170 5625 7488.75833362
171 5625 7476.26968859
172 5625 7502.81615476
173 5625 7527.92916018
174 5625 7501.53483091
175 5625 7502.29529664
176 5625 7511.63690777
177 5625 7506.96699136
178 5625 7483.65099905
179 5625 7501.84495432
180 5625 7531.64398096
181 5625 7518.92088899
182 5625 7476.80339056
183 5625 7513.98817652
184 5625 7482.61251978
185 5625 7510.98064884
186 5625 7507.50220215
187 5625 7484.69785039
188 5625 7475.93173306
189 5625 7516.77066006
190 5625 7482.59660662
191 5625 7480.37370903
192 5625 7506.11044916
193 5625 7472.31371573
194 5625 7498.37981957
195 5625 7461.18989193
196 5625 7494.28475906
197 5625 7481.45861665
198 5625 7486.23855336
199 5625 7487.42291544
200 5625 7492.87966889
201 5625 7482.66886005
202 5625 7514.8086511
203 5625 7515.2337181
204 5625 7467.30078056
205 5625 7500.8510246
206 5625 7505.81505854
207 5625 7483.38207014
208 5625 7508.68411059
209 5625 7511.84597647
210 5625 7493.20693972
211 5625 7475.99014222
212 5625 7488.72250879
213 5625 7498.78446788
214 5625 7486.92837551
215 5625 7499.2709309
216 5625 7505.08579393
217 5625 7483.0096124
218 5625 7495.92187161
219 5625 7484.61930388
220 5625 7483.73992097
221 5625 7478.62452557
222 5625 7497.60548437
223 5625 7483.97691835
224 5625 7500.26299957
225 5625 7505.05291101
226 5625 7487.77948756
227 5625 7468.17850631
228 5625 7512.51929656
229 5625 7484.89481304
230 5625 7477.95240831
231 5625 7467.78003257
232 5625 7503.0308423
233 5625 7514.17043813
234 5625 7501.72281632
235 5625 7472.14943292
236 5625 7474.78866056
237 5625 7491.81441532
238 5625 7475.56137658
239 5625 7508.74499622
240 5625 7482.22994899
241 5625 7516.66755114
242 5625 7488.29518578
243 5625 7494.20000148
244 5625 7491.71357307
245 5625 7519.93125902
246 5625 7481.36854149
247 5625 7513.07577006
248 5625 7494.39938363
249 5625 7463.54653639
250 5625 7493.74255507
251 5625 7480.9759437
252 5625 7486.15082064
253 5625 7480.14502639
254 5625 7481.00291308
255 5625 7476.21508052
256 5625 7485.16026096
257 5625 7473.31028932
258 5625 7507.49667261
259 5625 7510.74913973
260 5625 7479.57918748
261 5625 7486.39002273
262 5625 7495.10275221
263 5625 7496.93102194
264 5625 7494.82361669
265 5625 7483.41526354
266 5625 7466.31220261
267 5625 7483.66094317
268 5625 7487.50420798
269 5625 7481.40801446
270 5625 7482.6200907
271 5625 7494.23577698
272 5625 7497.96563969
273 5625 7512.6858455
274 5625 7471.19937326
275 5625 7513.1676679
276 5625 7497.86810221
277 5625 7475.52724601
278 5625 7479.62289771
279 5625 7489.70698225
280 5625 7461.82643571
281 5625 7481.11251906
282 5625 7468.56125667
283 5625 7481.53657577
284 5625 7487.10525908
285 5625 7484.64937271
286 5625 7499.05409194
287 5625 7477.90032139
288 5625 7493.58433919
289 5625 7490.97571968
290 5625 7478.89345668
291 5625 7503.17488196
292 5625 7509.08750312
293 5625 7489.79500177
294 5625 7484.99372462
295 5625 7511.83790115
296 5625 7486.11722042
297 5625 7486.62608076
298 5625 7475.04074424
299 5625 7447.84601461
