0 5625 7428.16757974
1 5625 7443.73643178
2 5625 7445.25754553
3 5625 7437.5722601
4 5625 7457.71296168
5 5625 7436.30271084
6 5625 7459.70963064
7 5625 7432.58961235
8 5625 7447.339889
9 5625 7453.45566436
10 5625 7437.80171817
11 5625 7462.26768415
12 5625 7449.9529484
13 5625 7445.04620336
14 5625 7442.69013678
15 5625 7460.05543683
16 5625 7471.37689375
17 5625 7455.67471329
18 5625 7418.08494935
19 5625 7437.60228904
20 5625 7441.4052603
21 5625 7439.6299238
22 5625 7444.60291758
23 5625 7449.35512332
24 5625 7422.79699595
25 5625 7426.09330463
26 5625 7437.75095831
27 5625 7403.65997758
28 5625 7431.47728264
29 5625 7464.48688839
30 5625 7402.56176695
31 5625 7423.90696001
32 5625 7439.62799954
33 5625 7434.13406723
34 5625 7408.80486011
35 5625 7425.09894395
36 5625 7424.5691106
37 5625 7427.22811696
38 5625 7452.47549044
39 5625 7436.61317284
40 5625 7455.57755118
41 5625 7443.89795259
42 5625 7434.22117117
43 5625 7434.09929045
44 5625 7444.59663346
45 5625 7433.11175325
46 5625 7470.96139735
47 5625 7438.15902941
48 5625 7440.71543424
49 5625 7434.90385979
50 5625 7441.93827954
51 5625 7429.44249273
52 5625 7442.61476418
53 5625 7431.34204666
54 5625 7457.94178498
55 5625 7427.46719943
56 5625 7424.77387393
57 5625 7439.39680032
58 5625 7421.58844076
59 5625 7463.45406143
60 5625 7423.11173092
61 5625 7416.35076879
62 5625 7452.05609147
63 5625 7458.98315019
64 5625 7433.2469034
65 5625 7439.63702055
66 5625 7432.22318959
67 5625 7440.3779419
68 5625 7430.39501037
69 5625 7424.32439242
70 5625 7419.30571209
71 5625 7438.19766612
72 5625 7443.22268189
73 5625 7440.68381833
74 5625 7450.46073163
75 5625 7445.49920881
76 5625 7471.28428607
77 5625 7459.23124272
78 5625 7454.29326197
79 5625 7432.81665447
80 5625 7418.9152726
81 5625 7450.3310631
82 5625 7446.0646202
83 5625 7424.63769699
84 5625 7462.19937358
85 5625 7420.45547812
86 5625 7424.33306864
87 5625 7435.18906756
88 5625 7452.0940422
89 5625 7441.75262833
90 5625 7437.80350951
91 5625 7429.97202836
92 5625 7430.84227581
93 5625 7458.23388535
94 5625 7438.41361978
95 5625 7433.16253801
96 5625 7417.624341
97 5625 7441.64992074
98 5625 7432.7780957
99 5625 7445.01077376
100 5625 7459.82877127
101 5625 7436.12713324
102 5625 7443.74163712
103 5625 7440.81204353
104 5625 7436.12141382
105 5625 7432.86981959
106 5625 7441.72497771
107 5625 7468.57842575
108 5625 7428.58871472
109 5625 7455.09692558
110 5625 7426.42221675
111 5625 7448.69081722
112 5625 7449.68487534
113 5625 7450.2329816
114 5625 7437.75230487
115 5625 7457.77842038
116 5625 7440.96596189
117 5625 7466.31435345
118 5625 7445.08241171
119 5625 7436.3298913
120 5625 7436.73940301
121 5625 7445.43287833
122 5625 7415.83953758
123 5625 7443.66745703
124 5625 7443.2842303
125 5625 7459.65744643
126 5625 7469.01317519
127 5625 7433.4136425
128 5625 7457.98160484
129 5625 7463.65308995
130 5625 7420.00821054
131 5625 7436.26890086
132 5625 7436.55869902
133 5625 7459.42306399
134 5625 7449.85373177
135 5625 7453.25299983
136 5625 7428.5862834
137 5625 7429.38228403
138 5625 7450.61355677
139 5625 7435.81857511
140 5625 7443.19726985
141 5625 7440.68272158
142 5625 7444.52845161
143 5625 7429.53223406
144 5625 7469.70875096
145 5625 7447.38984814
146 5625 7434.86154043
147 5625 7448.86578131
148 5625 7428.81880863
149 5625 7470.23030061
150 5625 7420.04170196
151 5625 7452.84643852
152 5625 7457.07467727
153 5625 7438.66241902
154 5625 7423.74651475
155 5625 7439.76368422
156 5625 7451.05025108
157 5625 7418.59793064
158 5625 7453.0673845
159 5625 7470.56027354
160 5625 7443.88690397
161 5625 7442.31195851
162 5625 7433.99062113
163 5625 7429.9640776
164 5625 7435.88153413
165 5625 7457.55616514
166 5625 7442.15371542
167 5625 7437.53474651
168 5625 7443.92122316
169 5625 7435.34267116
170 5625 7431.90435644
171 5625 7458.14214544
172 5625 7454.075883
173 5625 7444.35543253
174 5625 7449.37408556
175 5625 7419.24427546
176 5625 7455.5934808
177 5625 7458.30911749
178 5625 7449.22791162
179 5625 7446.18117992
180 5625 7448.52854986
181 5625 7446.71269948
182 5625 7413.66603441
183 5625 7413.43677581
184 5625 7425.35285328
185 5625 7447.63298655
186 5625 7427.03232244
187 5625 7402.05272246
188 5625 7435.3843213
189 5625 7428.48346051
190 5625 7447.81694111
191 5625 7459.44198542
192 5625 7405.1700561
193 5625 7428.74787699
194 5625 7443.55666996
195 5625 7452.15401892
196 5625 7417.21705332
197 5625 7431.65252791
198 5625 7454.23298374
199 5625 7442.64336056
200 5625 7424.93627144
201 5625 7431.95517739
202 5625 7433.87428492
203 5625 7415.25920092
204 5625 7445.97732661
205 5625 7443.85832663
206 5625 7450.72577878
207 5625 7450.82510933
208 5625 7451.50240673
209 5625 7450.65401822
210 5625 7469.46902185
211 5625 7408.9330938
212 5625 7436.06196305
213 5625 7436.44213936
214 5625 7453.05287121
215 5625 7453.9750344
216 5625 7430.33445385
217 5625 7430.12665591
218 5625 7445.56795955
219 5625 7422.49331734
220 5625 7443.30895244
221 5625 7460.33106826
222 5625 7440.25397897
223 5625 7451.40552728
224 5625 7435.64734368
225 5625 7450.47543691
226 5625 7434.05407137
227 5625 7412.50949322
228 5625 7459.35370436
229 5625 7431.65235022
230 5625 7437.59153727
231 5625 7427.83363897
232 5625 7443.40598875
233 5625 7447.96016921
234 5625 7433.41475189
235 5625 7432.95901534
236 5625 7454.23534977
237 5625 7418.07404257
238 5625 7438.01333345
239 5625 7436.95556504
240 5625 7441.11785939
241 5625 7420.66102393
242 5625 7433.33862646
243 5625 7458.16991506
244 5625 7431.15302033
245 5625 7443.14621489
246 5625 7448.69212478
247 5625 7443.54354865
248 5625 7426.2429116
249 5625 7416.88511225
250 5625 7462.46426328
251 5625 7434.44459909
252 5625 7449.77160884
253 5625 7426.06191337
254 5625 7430.30261049
255 5625 7448.26406724
256 5625 7411.96588708
257 5625 7432.98620789
258 5625 7439.66259318
259 5625 7437.65744483
260 5625 7435.70626569
261 5625 7436.44671746
262 5625 7448.84925483
263 5625 7446.0775922
264 5625 7447.23738783
265 5625 7441.06865695
266 5625 7447.70278545
267 5625 7421.33651102
268 5625 7444.52188233
269 5625 7442.71398755
270 5625 7433.32174096
271 5625 7412.53332923
272 5625 7442.54246091
273 5625 7447.03113882
274 5625 7452.8546605
275 5625 7421.33543501
276 5625 7441.53528147
277 5625 7449.55926165
278 5625 7412.90755133
279 5625 7424.68600404
280 5625 7414.88065981
281 5625 7451.36480476
282 5625 7413.85315003
283 5625 7417.7087121
284 5625 7447.89726054
285 5625 7437.03771959
286 5625 7432.87156934
287 5625 7450.58450454
288 5625 7444.25808571
289 5625 7432.04440309
290 5625 7426.5541983
291 5625 7428.46079631
292 5625 7443.65910649
293 5625 7418.18260989
294 5625 7452.61666185
295 5625 7431.56131666
296 5625 7426.83574794
297 5625 7429.91109856
298 5625 7442.41608493
299 5625 7464.9958171
