0 5625 7728.19060557
1 5625 7699.7200166
2 5625 7745.3645203
3 5625 7726.13498984
4 5625 7738.27184474
5 5625 7705.59493945
6 5625 7715.92002112
7 5625 7722.82059132
8 5625 7700.42498657
9 5625 7726.53540061
10 5625 7720.70821411
11 5625 7722.1522974
12 5625 7730.86260981
13 5625 7741.36741982
14 5625 7733.26186182
15 5625 7696.02651137
16 5625 7728.69400805
17 5625 7717.83917529
18 5625 7746.00141729
19 5625 7737.06184755
20 5625 7730.48386534
21 5625 7714.45278228
22 5625 7724.26426543
23 5625 7714.5621026
24 5625 7729.48738858
25 5625 7709.7478286
26 5625 7725.71610189
27 5625 7700.548517
28 5625 7725.21361972
29 5625 7738.82888729
30 5625 7733.37794849
31 5625 7714.89200525
32 5625 7720.24637017
33 5625 7727.50673108
34 5625 7694.79001194
35 5625 7729.20536988
36 5625 7732.88670631
37 5625 7706.35603242
38 5625 7730.09637315
39 5625 7733.79917698
40 5625 7709.11931517
41 5625 7711.92674637
42 5625 7727.98349874
43 5625 7711.09870175
44 5625 7720.09193122
45 5625 7725.40888119
46 5625 7708.089571
47 5625 7725.17518343
48 5625 7717.31221388
49 5625 7704.82801707
50 5625 7699.91128724
51 5625 7702.79546086
52 5625 7730.76285836
53 5625 7736.94395425
54 5625 7697.71658754
55 5625 7732.0356106
56 5625 7702.01131809
57 5625 7710.8539283
58 5625 7726.13650041
59 5625 7713.75908574
60 5625 7729.82961957
61 5625 7722.30655938
62 5625 7672.86290227
63 5625 7754.01997367
64 5625 7725.94212823
65 5625 7728.03999367
66 5625 7713.66993152
67 5625 7709.8615774
68 5625 7719.05805565
69 5625 7749.04246604
70 5625 7718.26122394
71 5625 7721.09958814
72 5625 7694.93785651
73 5625 7708.49717869
74 5625 7713.4792133
75 5625 7697.11704945
76 5625 7728.67536399
77 5625 7704.38292925
78 5625 7713.0566418
79 5625 7728.25388435
80 5625 7712.76125357
81 5625 7693.21352855
82 5625 7735.22166902
83 5625 7695.86989395
84 5625 7700.77656686
85 5625 7699.19736113
86 5625 7708.17597475
87 5625 7711.48474637
88 5625 7715.00727495
89 5625 7720.20063771
90 5625 7724.38832283
91 5625 7691.69447907
92 5625 7720.29025086
93 5625 7732.02091351
94 5625 7728.23166432
95 5625 7701.12177586
96 5625 7710.93279608
97 5625 7726.95885062
98 5625 7691.16223701
99 5625 7728.89940748
100 5625 7681.8222298
101 5625 7689.70315365
102 5625 7720.85451504
103 5625 7716.60435218
104 5625 7701.67706578
105 5625 7717.13813455
106 5625 7709.39646104
107 5625 7726.36618178
108 5625 7688.87768403
109 5625 7708.60795822
110 5625 7723.37952916
111 5625 7718.5506437
112 5625 7695.91949384
113 5625 7712.02299993
114 5625 7699.54020335
115 5625 7695.23978953
116 5625 7717.76094607
117 5625 7711.31823094
118 5625 7702.83699568
119 5625 7712.4575872
120 5625 7702.72158371
121 5625 7690.57208998
122 5625 7737.51353203
123 5625 7731.74658933
124 5625 7721.02124149
125 5625 7715.28478661
126 5625 7703.48952378
127 5625 7688.90635452
128 5625 7708.49442919
129 5625 7700.41645901
130 5625 7693.30765218
131 5625 7708.79596149
132 5625 7708.95096469
133 5625 7722.20842933
134 5625 7718.72487549
135 5625 7709.28156541
136 5625 7711.98543448
137 5625 7698.07971842
138 5625 7746.1932582
139 5625 7705.17018162
140 5625 7730.92727536
141 5625 7727.36910956
142 5625 7720.63520618
143 5625 7717.00214241
144 5625 7708.31108847
145 5625 7719.18511833
146 5625 7707.57618032
147 5625 7705.86347187
148 5625 7724.19858401
149 5625 7737.58581181
150 5625 7738.99419655
151 5625 7721.61254832
152 5625 7706.40193183
153 5625 7735.58036109
154 5625 7718.44638829
155 5625 7744.43641697
156 5625 7706.55801204
157 5625 7704.52139366
158 5625 7697.13368292
159 5625 7724.36618228
160 5625 7718.35501259
161 5625 7706.65795345
162 5625 7712.97989222
163 5625 7726.31127093
164 5625 7728.05974285
165 5625 7699.54222558
166 5625 7714.37671543
167 5625 7730.59403645
168 5625 7713.12072422
169 5625 7746.5177687
170 5625 7710.35795671
171 5625 7695.77354093
172 5625 7699.97588445
173 5625 7708.67318576
174 5625 7711.25309297
175 5625 7726.73095521
176 5625 7714.16345248
177 5625 7703.23509581
178 5625 7719.3268123
179 5625 7691.15836643
180 5625 7715.40114819
181 5625 7707.4124293
182 5625 7710.53677486
183 5625 7702.74080459
184 5625 7708.40929993
185 5625 7729.88549099
186 5625 7740.90193891
187 5625 7730.54817443
188 5625 7719.27510381
189 5625 7715.64196335
190 5625 7722.21216154
191 5625 7729.29543465
192 5625 7727.05710398
193 5625 7755.42874041
194 5625 7734.17490813
195 5625 7728.81174621
196 5625 7715.81458642
197 5625 7741.22166931
198 5625 7725.85282911
199 5625 7727.32721292
200 5625 7720.3280744
201 5625 7740.48449718
202 5625 7731.16148422
203 5625 7714.1287627
204 5625 7729.54749577
205 5625 7697.90222033
206 5625 7699.78127465
207 5625 7730.06327716
208 5625 7745.34973144
209 5625 7739.64811057
210 5625 7734.75851922
211 5625 7714.07443166
212 5625 7750.40484641
213 5625 7730.62853911
214 5625 7734.36718631
215 5625 7735.60181096
216 5625 7698.20102473
217 5625 7720.40794715
218 5625 7726.8844898
219 5625 7710.41621429
220 5625 7743.70098486
221 5625 7690.10343897
222 5625 7745.69769031
223 5625 7722.35282989
224 5625 7750.05700089
225 5625 7744.54125961
226 5625 7738.40065585
227 5625 7725.79658373
228 5625 7731.35832693
229 5625 7728.40667769
230 5625 7734.10534148
231 5625 7722.70300463
232 5625 7730.69169585
233 5625 7709.03974654
234 5625 7722.62675047
235 5625 7712.85545896
236 5625 7733.25324913
237 5625 7743.82181863
238 5625 7733.64543952
239 5625 7752.72849045
240 5625 7728.40641448
241 5625 7739.22234058
242 5625 7718.85278163
243 5625 7724.53039642
244 5625 7713.42917042
245 5625 7743.18100339
246 5625 7726.7099292
247 5625 7721.8166651
248 5625 7728.56406923
249 5625 7726.34859896
250 5625 7735.18152821
251 5625 7733.26464169
252 5625 7724.22177364
253 5625 7772.37795443
254 5625 7746.7144971
255 5625 7744.98706743
256 5625 7749.41366243
257 5625 7721.99157282
258 5625 7730.95244191
259 5625 7734.37675484
260 5625 7744.14908478
261 5625 7751.59583487
262 5625 7721.77422323
263 5625 7730.86255965
264 5625 7730.07565082
265 5625 7719.21117938
266 5625 7719.1172739
267 5625 7703.14730329
268 5625 7735.36099853
269 5625 7744.79565722
270 5625 7725.14417875
271 5625 7725.86693487
272 5625 7719.21617783
273 5625 7726.94533909
274 5625 7728.31391127
275 5625 7714.25187737
276 5625 7723.15077275
277 5625 7724.99434984
278 5625 7707.00302889
279 5625 7731.85517684
280 5625 7705.92161173
281 5625 7732.50409657
282 5625 7726.91034601
283 5625 7716.9367576
284 5625 7713.0540343
285 5625 7715.09323278
286 5625 7710.77203976
287 5625 7715.8303165
288 5625 7705.84546213
289 5625 7702.67947778
290 5625 7693.7582985
291 5625 7705.16832006
292 5625 7701.8705584
293 5625 7711.95896806
294 5625 7722.41035797
295 5625 7718.68047273
296 5625 7698.30687864
297 5625 7705.04100993
298 5625 7693.96195145
299 5625 7676.89134521
