0 5625 7492.95554436
1 5625 7481.09638078
2 5625 7482.72336541
3 5625 7475.42245289
4 5625 7502.81857356
5 5625 7497.56444294
6 5625 7469.20864861
7 5625 7490.52994075
8 5625 7494.46125507
9 5625 7480.03399201
10 5625 7469.64982278
11 5625 7485.17647607
12 5625 7466.69386189
13 5625 7472.23236243
14 5625 7486.09803482
15 5625 7502.97770073
16 5625 7487.62093635
17 5625 7518.98996316
18 5625 7473.90554021
19 5625 7481.78438959
20 5625 7470.24640295
21 5625 7482.41437884
22 5625 7504.18420545
23 5625 7482.41380847
24 5625 7488.1305197
25 5625 7495.12972802
26 5625 7473.20672871
27 5625 7495.85051016
28 5625 7476.0868426
29 5625 7472.59286525
30 5625 7489.58407942
31 5625 7467.12724388
32 5625 7489.94563731
33 5625 7483.38827233
34 5625 7443.66841907
35 5625 7504.11872976
36 5625 7489.85496366
37 5625 7494.63342816
38 5625 7475.82925517
39 5625 7496.25370404
40 5625 7474.56253812
41 5625 7446.556179
42 5625 7470.36681143
43 5625 7482.69240139
44 5625 7460.87866471
45 5625 7479.59898201
46 5625 7485.30362866
47 5625 7465.62884458
48 5625 7502.55618898
49 5625 7475.42569891
50 5625 7476.49748658
51 5625 7458.94326422
52 5625 7465.23360252
53 5625 7453.29657665
54 5625 7456.76254848
55 5625 7479.65766276
56 5625 7495.49753071
57 5625 7473.64889887
58 5625 7463.19561848
59 5625 7482.57663318
60 5625 7474.72117211
61 5625 7495.93264163
62 5625 7462.56875513
63 5625 7512.1613965
64 5625 7481.43047713
65 5625 7462.1920324
66 5625 7479.69198398
67 5625 7477.39103609
68 5625 7489.78243973
69 5625 7464.11428809
70 5625 7492.74253014
71 5625 7467.08135322
72 5625 7463.67983806
73 5625 7459.32107728
74 5625 7468.82265257
75 5625 7465.02902659
76 5625 7479.95102682
77 5625 7491.07015784
78 5625 7465.9232581
79 5625 7480.94598393
80 5625 7479.36801016
81 5625 7456.66064393
82 5625 7484.01350162
83 5625 7460.61138541
84 5625 7480.62715739
85 5625 7481.37391067
86 5625 7457.8276036
87 5625 7455.67390478
88 5625 7487.28083782
89 5625 7445.61373588
90 5625 7473.31588169
91 5625 7464.47623236
92 5625 7474.50543512
93 5625 7489.32305064
94 5625 7482.64104112
95 5625 7446.71789543
96 5625 7498.59858361
97 5625 7464.2333772
98 5625 7473.50909909
99 5625 7486.40085014
100 5625 7502.67988735
101 5625 7454.74250834
102 5625 7476.04614407
103 5625 7487.53349729
104 5625 7464.84333139
105 5625 7484.63971253
106 5625 7474.70725959
107 5625 7486.73428381
108 5625 7473.81898532
109 5625 7466.41780676
110 5625 7466.28117073
111 5625 7480.27181764
112 5625 7510.55896859
113 5625 7480.49488461
114 5625 7472.77883863
115 5625 7484.95218713
116 5625 7486.95805854
117 5625 7482.32661471
118 5625 7468.39537754
119 5625 7458.46176763
120 5625 7469.54655445
121 5625 7474.20356255
122 5625 7473.99033757
123 5625 7463.8459404
124 5625 7454.31345069
125 5625 7485.42903531
126 5625 7471.41364412
127 5625 7456.08990927
128 5625 7483.29527846
129 5625 7466.8163495
130 5625 7437.41073861
131 5625 7490.04148278
132 5625 7485.94026739
133 5625 7463.09584712
134 5625 7471.30664083
135 5625 7474.96318889
136 5625 7475.69482443
137 5625 7468.37591174
138 5625 7473.98499738
139 5625 7443.15864616
140 5625 7478.26713652
141 5625 7478.39147988
142 5625 7452.6751869
143 5625 7469.56059585
144 5625 7482.7326599
145 5625 7490.37454723
146 5625 7480.99360057
147 5625 7492.71179682
148 5625 7490.19793947
149 5625 7492.62164695
150 5625 7471.68175021
151 5625 7479.6048397
152 5625 7491.66995852
153 5625 7486.26094375
154 5625 7491.83449922
155 5625 7492.00799686
156 5625 7489.4002318
157 5625 7478.94084005
158 5625 7447.9395287
159 5625 7487.49477108
160 5625 7474.68228642
161 5625 7473.25054007
162 5625 7508.27170315
163 5625 7484.83397703
164 5625 7458.59810849
165 5625 7499.29717227
166 5625 7483.3265174
167 5625 7453.36164091
168 5625 7493.1477522
169 5625 7478.39780548
170 5625 7453.5878233
171 5625 7468.32430926
172 5625 7478.06850193
173 5625 7471.19371336
174 5625 7479.20172883
175 5625 7468.40282116
176 5625 7458.36831208
177 5625 7476.52579559
178 5625 7479.16181961
179 5625 7480.92841756
180 5625 7497.29983493
181 5625 7472.01312675
182 5625 7464.16052861
183 5625 7486.27244524
184 5625 7497.25052246
185 5625 7473.09997246
186 5625 7454.94817735
187 5625 7459.89303353
188 5625 7468.83176287
189 5625 7467.35363455
190 5625 7500.56906986
191 5625 7487.66269488
192 5625 7470.06289864
193 5625 7461.36284941
194 5625 7471.17343861
195 5625 7453.46426233
196 5625 7450.64963353
197 5625 7467.67096991
198 5625 7460.70890404
199 5625 7497.45495738
200 5625 7475.03737777
201 5625 7454.90414291
202 5625 7459.49915696
203 5625 7480.92060457
204 5625 7489.00253674
205 5625 7448.81195924
206 5625 7458.28464433
207 5625 7468.61439679
208 5625 7460.21770044
209 5625 7468.56466052
210 5625 7484.8067837
211 5625 7480.58809811
212 5625 7466.05290047
213 5625 7498.4501118
214 5625 7443.06894964
215 5625 7465.87063058
216 5625 7476.43123677
217 5625 7469.91251183
218 5625 7477.64161062
219 5625 7461.4193839
220 5625 7482.60828381
221 5625 7471.00947393
222 5625 7463.67456704
223 5625 7481.56345218
224 5625 7480.35883598
225 5625 7486.13721493
226 5625 7471.35296531
227 5625 7457.05156136
228 5625 7476.38572437
229 5625 7478.97356086
230 5625 7457.60032046
231 5625 7451.96366971
232 5625 7477.5032443
233 5625 7465.02768219
234 5625 7477.71178263
235 5625 7461.859059
236 5625 7452.98276284
237 5625 7450.54999696
238 5625 7468.00367254
239 5625 7461.46586698
240 5625 7440.61938612
241 5625 7481.42481592
242 5625 7476.91145499
243 5625 7475.02819146
244 5625 7468.80427699
245 5625 7481.81307259
246 5625 7426.54566544
247 5625 7445.85737117
248 5625 7465.47337522
249 5625 7448.95829752
250 5625 7439.85709758
251 5625 7449.28040446
252 5625 7451.85975957
253 5625 7486.3284061
254 5625 7435.56587563
255 5625 7473.07266685
256 5625 7467.06503388
257 5625 7469.38062932
258 5625 7470.76398792
259 5625 7475.94609541
260 5625 7460.74513608
261 5625 7446.67381948
262 5625 7443.21862625
263 5625 7483.90205342
264 5625 7461.07433627
265 5625 7441.61642245
266 5625 7430.30978081
267 5625 7467.36221694
268 5625 7463.5578794
269 5625 7455.78501566
270 5625 7440.51719016
271 5625 7469.64664832
272 5625 7444.84226682
273 5625 7467.26886067
274 5625 7433.64340688
275 5625 7466.66374795
276 5625 7451.22430279
277 5625 7441.12404096
278 5625 7455.91049285
279 5625 7457.97150633
280 5625 7433.24847939
281 5625 7459.61485081
282 5625 7453.95767267
283 5625 7462.4817279
284 5625 7464.73037758
285 5625 7476.74052546
286 5625 7455.06117444
287 5625 7437.88118843
288 5625 7471.42785269
289 5625 7442.03457355
290 5625 7454.36731865
291 5625 7441.64843274
292 5625 7460.92897523
293 5625 7434.8524308
294 5625 7462.6815462
295 5625 7425.50741062
296 5625 7461.37332986
297 5625 7454.05673704
298 5625 7467.90313667
299 5625 7453.77371792
