0 5625 7463.48692483
1 5625 7444.88827873
2 5625 7452.17722341
3 5625 7434.93723703
4 5625 7454.48313825
5 5625 7445.70906715
6 5625 7478.32072981
7 5625 7479.49491741
8 5625 7453.56944401
9 5625 7432.67628287
10 5625 7471.27449974
11 5625 7448.47023352
12 5625 7467.0638769
13 5625 7444.1229636
14 5625 7444.20473637
15 5625 7449.96919493
16 5625 7460.94647589
17 5625 7464.46533377
18 5625 7461.32146765
19 5625 7462.62387413
20 5625 7444.43403511
21 5625 7467.44112339
22 5625 7447.44736329
23 5625 7449.13092641
24 5625 7449.92664298
25 5625 7416.2110998
26 5625 7461.55075761
27 5625 7432.73335486
28 5625 7450.25359784
29 5625 7457.09164389
30 5625 7425.31988607
31 5625 7462.88570438
32 5625 7443.77148796
33 5625 7439.9658713
34 5625 7489.28070299
35 5625 7469.22727355
36 5625 7443.34731866
37 5625 7466.55169513
38 5625 7466.19572758
39 5625 7455.70651829
40 5625 7484.63960288
41 5625 7452.25076676
42 5625 7451.73668125
43 5625 7464.93374197
44 5625 7444.34221465
45 5625 7470.31771076
46 5625 7452.7025452
47 5625 7450.05189306
48 5625 7474.04482386
49 5625 7463.63512306
50 5625 7455.08716068
51 5625 7441.91506726
52 5625 7474.39105091
53 5625 7473.86938986
54 5625 7456.15080126
55 5625 7474.56690841
56 5625 7479.56550472
57 5625 7464.45947953
58 5625 7473.89804574
59 5625 7488.20399663
60 5625 7467.44674473
61 5625 7451.54913173
62 5625 7479.65493814
63 5625 7452.14904207
64 5625 7469.1800018
65 5625 7481.81354311
66 5625 7457.63400316
67 5625 7498.23394857
68 5625 7475.15313233
69 5625 7453.37359833
70 5625 7481.83797329
71 5625 7480.20957363
72 5625 7470.69511985
73 5625 7475.76470485
74 5625 7465.15509252
75 5625 7440.78422055
76 5625 7477.56895266
77 5625 7444.20290282
78 5625 7453.22527472
79 5625 7479.4335272
80 5625 7505.32228011
81 5625 7476.63115388
82 5625 7465.79396277
83 5625 7493.87573468
84 5625 7454.67862363
85 5625 7457.84016753
86 5625 7471.02563346
87 5625 7513.61858622
88 5625 7468.55925911
89 5625 7499.7020004
90 5625 7495.83686808
91 5625 7466.89593887
92 5625 7452.13452452
93 5625 7486.65426488
94 5625 7468.71529629
95 5625 7481.72669952
96 5625 7474.72648016
97 5625 7502.59216771
98 5625 7458.68315812
99 5625 7478.25049882
100 5625 7480.37692393
101 5625 7475.25966319
102 5625 7475.29408935
103 5625 7491.95739668
104 5625 7489.23122481
105 5625 7467.51943097
106 5625 7498.66821531
107 5625 7470.02810688
108 5625 7509.83795661
109 5625 7441.04621549
110 5625 7506.46238484
111 5625 7499.33758652
112 5625 7486.67879426
113 5625 7497.37884185
114 5625 7466.49018891
115 5625 7512.70230216
116 5625 7497.99961004
117 5625 7497.12391376
118 5625 7480.06938354
119 5625 7480.57894651
120 5625 7484.75248956
121 5625 7494.61640393
122 5625 7485.30996049
123 5625 7481.53024444
124 5625 7474.26780164
125 5625 7498.42606173
126 5625 7484.00443926
127 5625 7488.83378533
128 5625 7514.06798735
129 5625 7496.21657661
130 5625 7480.84362138
131 5625 7478.60149989
132 5625 7481.22528781
133 5625 7485.04895008
134 5625 7483.33762079
135 5625 7507.12956794
136 5625 7533.89105047
137 5625 7498.11476671
138 5625 7486.76229664
139 5625 7505.48307384
140 5625 7493.30896814
141 5625 7473.36500797
142 5625 7502.55909445
143 5625 7520.05405891
144 5625 7494.10426174
145 5625 7513.19532199
146 5625 7505.72770102
147 5625 7500.02995707
148 5625 7507.3628628
149 5625 7520.93193837
150 5625 7535.40056756
151 5625 7517.54820652
152 5625 7496.52826282
153 5625 7510.5188469
154 5625 7500.94843224
155 5625 7521.83711906
156 5625 7517.13800613
157 5625 7484.30937563
158 5625 7503.41492213
159 5625 7501.53459357
160 5625 7506.80954648
161 5625 7514.5332023
162 5625 7495.43489257
163 5625 7496.43924356
164 5625 7458.21055321
165 5625 7485.43647395
166 5625 7461.12426511
167 5625 7510.01766303
168 5625 7479.37216208
169 5625 7488.04555155
170 5625 7480.03629001
171 5625 7443.40053156
172 5625 7492.43568517
173 5625 7462.24800717
174 5625 7482.15843897
175 5625 7445.65901207
176 5625 7477.27255274
177 5625 7481.66516802
178 5625 7490.5123778
179 5625 7456.37298893
180 5625 7491.88381258
181 5625 7459.4752835
182 5625 7455.5139018
183 5625 7453.02148254
184 5625 7455.93061282
185 5625 7449.93062009
186 5625 7449.56160574
187 5625 7456.56334587
188 5625 7464.27181956
189 5625 7476.34056342
190 5625 7471.8594521
191 5625 7457.12223445
192 5625 7448.18036047
193 5625 7468.97266749
194 5625 7460.28192615
195 5625 7439.39504339
196 5625 7455.398803
197 5625 7459.42989052
198 5625 7492.60284028
199 5625 7440.31511792
200 5625 7455.03192614
201 5625 7447.33477964
202 5625 7493.92376086
203 5625 7440.87385608
204 5625 7465.91570698
205 5625 7466.58951876
206 5625 7474.75240308
207 5625 7465.39105618
208 5625 7480.51645627
209 5625 7431.05729801
210 5625 7452.88349266
211 5625 7459.88169381
212 5625 7464.72872442
213 5625 7457.01621828
214 5625 7457.64225423
215 5625 7435.30068229
216 5625 7457.02985235
217 5625 7455.1462872
218 5625 7459.32690505
219 5625 7476.31192577
220 5625 7424.37192955
221 5625 7436.69518718
222 5625 7446.94619975
223 5625 7449.70724414
224 5625 7437.21856877
225 5625 7475.89755134
226 5625 7457.49300123
227 5625 7434.75023336
228 5625 7436.62618424
229 5625 7435.78494677
230 5625 7450.03529123
231 5625 7472.71538437
232 5625 7489.82033985
233 5625 7469.13258772
234 5625 7430.18524036
235 5625 7449.98054331
236 5625 7455.4647883
237 5625 7467.62907138
238 5625 7457.18589595
239 5625 7454.94539442
240 5625 7453.55532964
241 5625 7436.98945804
242 5625 7453.56469345
243 5625 7452.34519251
244 5625 7441.81328545
245 5625 7446.24010937
246 5625 7443.38601726
247 5625 7454.41506581
248 5625 7461.11071582
249 5625 7450.57732261
250 5625 7449.60997505
251 5625 7454.93489385
252 5625 7450.72105341
253 5625 7439.56934777
254 5625 7425.41003715
255 5625 7463.60874647
256 5625 7450.0313653
257 5625 7467.58794454
258 5625 7451.1124533
259 5625 7470.21683665
260 5625 7447.46408281
261 5625 7433.30608141
262 5625 7456.99490958
263 5625 7473.70077746
264 5625 7478.32493634
265 5625 7460.85014598
266 5625 7429.23088822
267 5625 7460.69436201
268 5625 7435.68599091
269 5625 7458.93181185
270 5625 7431.82249668
271 5625 7444.44029601
272 5625 7461.64263441
273 5625 7441.8615478
274 5625 7461.87060756
275 5625 7442.78967083
276 5625 7440.93047476
277 5625 7458.48315082
278 5625 7446.5237151
279 5625 7422.96250753
280 5625 7475.4076856
281 5625 7448.08085596
282 5625 7461.79639203
283 5625 7453.40436579
284 5625 7453.3485917
285 5625 7433.00440964
286 5625 7464.69431656
287 5625 7432.31558678
288 5625 7438.17609706
289 5625 7445.45941375
290 5625 7448.81470264
291 5625 7438.58660389
292 5625 7441.73305172
293 5625 7419.07400817
294 5625 7440.98005117
295 5625 7433.18483275
296 5625 7477.38572198
297 5625 7464.90537994
298 5625 7450.91116145
299 5625 7431.49663201
