0 5625 7420.57390092
1 5625 7422.67034175
2 5625 7459.44326703
3 5625 7429.1955615
4 5625 7446.26568867
5 5625 7458.45797389
6 5625 7425.57876638
7 5625 7437.10157058
8 5625 7446.53301068
9 5625 7424.0305431
10 5625 7425.03985907
11 5625 7427.99666935
12 5625 7413.18075276
13 5625 7435.48437142
14 5625 7437.2729639
15 5625 7418.21739948
16 5625 7443.60097536
17 5625 7433.86918068
18 5625 7410.69381139
19 5625 7427.80819184
20 5625 7444.1686326
21 5625 7447.22199211
22 5625 7451.26315168
23 5625 7453.6840158
24 5625 7390.84307952
25 5625 7415.73038096
26 5625 7432.00590888
27 5625 7462.59766898
28 5625 7427.32406672
29 5625 7433.65650244
30 5625 7443.67566562
31 5625 7404.81541392
32 5625 7436.24830655
33 5625 7425.74342903
34 5625 7390.11863159
35 5625 7420.75763719
36 5625 7434.98933446
37 5625 7438.75014177
38 5625 7397.35097104
39 5625 7423.66074096
40 5625 7452.76363588
41 5625 7404.73655858
42 5625 7401.42673612
43 5625 7426.21651283
44 5625 7418.63538086
45 5625 7434.25092046
46 5625 7415.32538091
47 5625 7418.95414845
48 5625 7432.07359216
49 5625 7416.25392094
50 5625 7440.73970967
51 5625 7400.37163382
52 5625 7415.3582379
53 5625 7405.88379969
54 5625 7396.19752414
55 5625 7410.27084808
56 5625 7421.56155141
57 5625 7435.44023194
58 5625 7432.35209898
59 5625 7402.05147034
60 5625 7421.52647462
61 5625 7431.01860993
62 5625 7412.39667147
63 5625 7446.70434679
64 5625 7435.27812209
65 5625 7426.01209767
66 5625 7428.92432692
67 5625 7427.47480866
68 5625 7390.84573144
69 5625 7406.40953166
70 5625 7437.11969487
71 5625 7447.56051173
72 5625 7438.46926247
73 5625 7433.27268582
74 5625 7427.60889503
75 5625 7438.08866923
76 5625 7417.59116574
77 5625 7431.77300087
78 5625 7433.95568188
79 5625 7431.00899672
80 5625 7430.79052555
81 5625 7429.96530914
82 5625 7449.01385867
83 5625 7404.34131717
84 5625 7421.23735974
85 5625 7442.26912662
86 5625 7449.81068375
87 5625 7414.77350436
88 5625 7459.83405595
89 5625 7423.79805715
90 5625 7441.86745908
91 5625 7441.88866726
92 5625 7423.57758643
93 5625 7440.76801797
94 5625 7425.3008279
95 5625 7430.546525
96 5625 7411.64185251
97 5625 7400.01599752
98 5625 7458.79071149
99 5625 7434.07137068
100 5625 7432.06106331
101 5625 7428.21996729
102 5625 7456.52382614
103 5625 7434.97095042
104 5625 7427.31713185
105 5625 7427.65167266
106 5625 7449.86714863
107 5625 7449.45763171
108 5625 7434.8489104
109 5625 7439.35651655
110 5625 7423.15102319
111 5625 7434.1669851
112 5625 7424.85607126
113 5625 7410.95601507
114 5625 7423.85558064
115 5625 7432.55362599
116 5625 7425.37137837
117 5625 7420.13032065
118 5625 7435.36916638
119 5625 7423.51271394
120 5625 7441.82314984
121 5625 7425.43717267
122 5625 7440.54359367
123 5625 7415.79778635
124 5625 7430.80079301
125 5625 7405.46786629
126 5625 7404.39367494
127 5625 7416.90888629
128 5625 7419.05783927
129 5625 7420.34545108
130 5625 7430.74655232
131 5625 7422.02728061
132 5625 7413.90215515
133 5625 7418.58966113
134 5625 7419.39835599
135 5625 7412.17053898
136 5625 7395.74269433
137 5625 7417.24807244
138 5625 7435.61715449
139 5625 7424.14211427
140 5625 7434.8490544
141 5625 7407.45745923
142 5625 7426.7323093
143 5625 7422.63952879
144 5625 7413.99832369
145 5625 7413.14395196
146 5625 7410.87588263
147 5625 7408.25933943
148 5625 7407.09854919
149 5625 7404.07614242
150 5625 7428.31979533
151 5625 7386.07695752
152 5625 7422.24853554
153 5625 7442.13669311
154 5625 7406.91235034
155 5625 7411.69172911
156 5625 7394.63438436
157 5625 7423.05204751
158 5625 7393.42044712
159 5625 7417.04422215
160 5625 7408.97631717
161 5625 7403.14986161
162 5625 7410.80885738
163 5625 7406.15513524
164 5625 7424.0347205
165 5625 7411.65680265
166 5625 7384.45234758
167 5625 7421.66971843
168 5625 7391.44800591
169 5625 7397.21273308
170 5625 7409.67315853
171 5625 7383.11886409
172 5625 7398.19532857
173 5625 7406.85705165
174 5625 7396.31268322
175 5625 7395.18420815
176 5625 7423.29116853
177 5625 7434.08877904
178 5625 7405.05534741
179 5625 7422.5999613
180 5625 7425.9399127
181 5625 7409.09784931
182 5625 7422.31363327
183 5625 7409.29217619
184 5625 7415.14502544
185 5625 7415.3774016
186 5625 7437.19198021
187 5625 7411.26116361
188 5625 7424.66948689
189 5625 7408.9101606
190 5625 7416.66366102
191 5625 7437.08322395
192 5625 7404.29147205
193 5625 7414.09998352
194 5625 7420.03090522
195 5625 7392.27167165
196 5625 7421.90522312
197 5625 7416.25414103
198 5625 7415.83369827
199 5625 7406.1153758
200 5625 7414.85295611
201 5625 7421.32674646
202 5625 7424.33859044
203 5625 7402.08969033
204 5625 7413.29454031
205 5625 7420.80001497
206 5625 7428.63038478
207 5625 7405.56957489
208 5625 7403.02412884
209 5625 7423.79308749
210 5625 7423.29978392
211 5625 7407.52695937
212 5625 7403.08073843
213 5625 7400.06628809
214 5625 7451.64181546
215 5625 7397.89628337
216 5625 7409.9016066
217 5625 7393.18152703
218 5625 7425.44943305
219 5625 7408.35579976
220 5625 7372.71174031
221 5625 7402.45475444
222 5625 7392.36617335
223 5625 7385.74193266
224 5625 7408.68421846
225 5625 7413.1762351
226 5625 7430.43967536
227 5625 7413.49039038
228 5625 7427.36316968
229 5625 7413.54728843
230 5625 7386.56833823
231 5625 7404.66103919
232 5625 7402.22252679
233 5625 7417.90633801
234 5625 7426.78443426
235 5625 7392.52914984
236 5625 7415.57529539
237 5625 7407.78834495
238 5625 7409.20364564
239 5625 7392.63369144
240 5625 7382.78890207
241 5625 7386.89976758
242 5625 7420.88047991
243 5625 7402.67010944
244 5625 7405.36559156
245 5625 7443.47454637
246 5625 7423.19120092
247 5625 7401.35264922
248 5625 7418.4744176
249 5625 7375.12609208
250 5625 7406.93961501
251 5625 7391.38853426
252 5625 7428.12621193
253 5625 7402.73040467
254 5625 7405.81717599
255 5625 7399.90690394
256 5625 7418.25325223
257 5625 7396.90939135
258 5625 7386.74631311
259 5625 7395.30423789
260 5625 7397.5449807
261 5625 7400.75497052
262 5625 7421.58283141
263 5625 7417.56811503
264 5625 7431.11912946
265 5625 7394.81755082
266 5625 7401.16397925
267 5625 7397.17872394
268 5625 7399.75515404
269 5625 7398.41853265
270 5625 7410.29096697
271 5625 7400.88341855
272 5625 7393.69075315
273 5625 7419.98745062
274 5625 7389.23050301
275 5625 7407.3184372
276 5625 7417.84906836
277 5625 7397.91493129
278 5625 7423.16495559
279 5625 7430.21984861
280 5625 7411.05724192
281 5625 7396.29008331
282 5625 7425.46120862
283 5625 7395.68015195
284 5625 7392.38257845
285 5625 7405.28380491
286 5625 7382.93410356
287 5625 7419.70697419
288 5625 7409.61250408
289 5625 7425.75819454
290 5625 7421.75667428
291 5625 7394.3809402
292 5625 7394.82944442
293 5625 7390.30653933
294 5625 7416.4918128
295 5625 7427.436447
296 5625 7395.19710476
297 5625 7367.42649885
298 5625 7416.88046244
299 5625 7399.79578961
