0 5625 7387.96404168
1 5625 7369.94784486
2 5625 7390.20587764
3 5625 7384.14952053
4 5625 7385.10272813
5 5625 7362.89292822
6 5625 7379.46318547
7 5625 7384.18857154
8 5625 7356.77445149
9 5625 7412.36854205
10 5625 7403.10462298
11 5625 7359.62376416
12 5625 7389.1542171
13 5625 7407.13745122
14 5625 7376.0030443
15 5625 7390.60100675
16 5625 7404.09674636
17 5625 7362.77413376
18 5625 7365.6280811
19 5625 7364.91387066
20 5625 7377.68428202
21 5625 7393.09463595
22 5625 7379.69963069
23 5625 7399.05656511
24 5625 7396.99561016
25 5625 7384.65183327
26 5625 7380.11472026
27 5625 7410.64046825
28 5625 7391.6282782
29 5625 7375.50571238
30 5625 7362.33711264
31 5625 7397.11393686
32 5625 7377.70125812
33 5625 7391.74186399
34 5625 7383.80594018
35 5625 7378.94888438
36 5625 7366.04826307
37 5625 7381.14541914
38 5625 7387.67841628
39 5625 7398.1813181
40 5625 7401.50502386
41 5625 7384.38762274
42 5625 7385.60513636
43 5625 7389.1230338
44 5625 7366.40262087
45 5625 7364.70730767
46 5625 7359.94753756
47 5625 7377.87648757
48 5625 7384.71456283
49 5625 7380.12258007
50 5625 7392.15424303
51 5625 7358.95274363
52 5625 7370.99018116
53 5625 7386.49114302
54 5625 7399.41775551
55 5625 7391.48506123
56 5625 7417.87058505
57 5625 7372.84057631
58 5625 7361.00466726
59 5625 7380.92164785
60 5625 7378.4811845
61 5625 7392.93686268
62 5625 7356.70374344
63 5625 7363.55877692
64 5625 7397.61435338
65 5625 7375.71418756
66 5625 7369.25219561
67 5625 7375.45949517
68 5625 7362.21942205
69 5625 7387.35384396
70 5625 7404.94540839
71 5625 7365.54091001
72 5625 7360.76013629
73 5625 7372.05282009
74 5625 7386.43382946
75 5625 7374.68633271
76 5625 7413.28490189
77 5625 7350.68452667
78 5625 7399.38203937
79 5625 7385.31262602
80 5625 7406.65872642
81 5625 7392.76767377
82 5625 7375.95598232
83 5625 7382.80589525
84 5625 7370.19559721
85 5625 7363.67823174
86 5625 7398.08754488
87 5625 7394.18293268
88 5625 7373.68727243
89 5625 7390.77450616
90 5625 7364.87608717
91 5625 7409.60727265
92 5625 7379.95123282
93 5625 7381.67714335
94 5625 7365.12736269
95 5625 7395.51821525
96 5625 7384.5070518
97 5625 7373.14134943
98 5625 7359.04636991
99 5625 7358.00151955
100 5625 7352.29583587
101 5625 7371.00940481
102 5625 7380.96629939
103 5625 7395.7798707
104 5625 7385.75539294
105 5625 7389.56645531
106 5625 7387.51137934
107 5625 7364.20006385
108 5625 7361.19408226
109 5625 7376.33483002
110 5625 7372.43021461
111 5625 7376.5155974
112 5625 7395.30135228
113 5625 7379.52099489
114 5625 7357.64687979
115 5625 7370.46287904
116 5625 7374.25890476
117 5625 7380.01391046
118 5625 7408.84697049
119 5625 7386.20253777
120 5625 7394.61730547
121 5625 7373.94027537
122 5625 7408.00852197
123 5625 7382.55430866
124 5625 7399.64777046
125 5625 7366.05341752
126 5625 7408.53884027
127 5625 7383.44451684
128 5625 7384.12338844
129 5625 7381.14739368
130 5625 7382.76450926
131 5625 7409.11892076
132 5625 7391.89813385
133 5625 7381.08856202
134 5625 7400.07316545
135 5625 7374.81674091
136 5625 7371.42065251
137 5625 7377.9488289
138 5625 7409.24890554
139 5625 7405.84972637
140 5625 7363.9700021
141 5625 7416.98941941
142 5625 7408.84723677
143 5625 7383.02132655
144 5625 7379.40071081
145 5625 7414.32078978
146 5625 7372.41418096
147 5625 7402.05115825
148 5625 7408.00050328
149 5625 7380.51343754
150 5625 7400.12199499
151 5625 7364.83766633
152 5625 7385.76791004
153 5625 7378.20840596
154 5625 7386.02442823
155 5625 7390.915077
156 5625 7368.00956319
157 5625 7377.89586996
158 5625 7381.27505421
159 5625 7365.9790948
160 5625 7383.40275494
161 5625 7405.03430704
162 5625 7396.55200863
163 5625 7411.1096618
164 5625 7393.78761813
165 5625 7374.03888695
166 5625 7378.14112088
167 5625 7418.90624396
168 5625 7359.88610258
169 5625 7384.91237793
170 5625 7394.24235812
171 5625 7372.8972117
172 5625 7379.62341899
173 5625 7399.81062976
174 5625 7397.67702121
175 5625 7374.24751944
176 5625 7383.19690751
177 5625 7361.74783205
178 5625 7399.49897447
179 5625 7405.39880213
180 5625 7359.7941863
181 5625 7380.5578685
182 5625 7389.02490969
183 5625 7383.06963482
184 5625 7421.69133107
185 5625 7349.03211509
186 5625 7404.35086864
187 5625 7400.30423543
188 5625 7400.992631
189 5625 7399.20262614
190 5625 7393.45992029
191 5625 7397.28311635
192 5625 7381.07627125
193 5625 7375.28116245
194 5625 7372.37258069
195 5625 7414.98370284
196 5625 7348.27300768
197 5625 7382.08717946
198 5625 7387.7053902
199 5625 7387.25796458
200 5625 7366.60110768
201 5625 7382.6509198
202 5625 7396.25149772
203 5625 7386.22784343
204 5625 7401.99050379
205 5625 7395.38927545
206 5625 7398.78510151
207 5625 7407.45717169
208 5625 7402.63593472
209 5625 7371.16022077
210 5625 7407.87748054
211 5625 7371.31919857
212 5625 7406.11749143
213 5625 7397.02878621
214 5625 7414.51323991
215 5625 7400.25944481
216 5625 7370.23143197
217 5625 7364.17070644
218 5625 7393.96076259
219 5625 7414.46815576
220 5625 7398.50223435
221 5625 7384.14513562
222 5625 7386.34105433
223 5625 7392.73264807
224 5625 7396.67423443
225 5625 7388.55766152
226 5625 7395.96503842
227 5625 7400.6557881
228 5625 7373.04527375
229 5625 7401.64739406
230 5625 7421.19107524
231 5625 7367.34872509
232 5625 7381.74456993
233 5625 7401.14184006
234 5625 7366.06260029
235 5625 7381.77085879
236 5625 7382.33424345
237 5625 7378.58166359
238 5625 7393.34945718
239 5625 7374.259462
240 5625 7397.73093462
241 5625 7401.91815766
242 5625 7383.37096648
243 5625 7407.70291188
244 5625 7399.23689729
245 5625 7413.95809032
246 5625 7398.95403068
247 5625 7372.18146259
248 5625 7387.30748958
249 5625 7398.09885134
250 5625 7387.2692011
251 5625 7363.90232908
252 5625 7398.4349946
253 5625 7420.80026071
254 5625 7443.5562745
255 5625 7400.21698706
256 5625 7401.57768126
257 5625 7394.38005309
258 5625 7393.85473474
259 5625 7392.245278
260 5625 7390.49161885
261 5625 7401.98680059
262 5625 7371.13587912
263 5625 7404.00531583
264 5625 7386.38703822
265 5625 7401.41092012
266 5625 7376.5844005
267 5625 7400.91581246
268 5625 7393.94559483
269 5625 7398.51101933
270 5625 7379.00640085
271 5625 7386.68083687
272 5625 7420.66270672
273 5625 7405.45762583
274 5625 7408.00331005
275 5625 7385.92061121
276 5625 7401.32512448
277 5625 7386.24865892
278 5625 7422.18353745
279 5625 7391.73980239
280 5625 7408.25029206
281 5625 7378.89775835
282 5625 7416.4590651
283 5625 7370.70944026
284 5625 7392.5547469
285 5625 7372.84763028
286 5625 7398.77839106
287 5625 7396.61464757
288 5625 7377.19563737
289 5625 7441.5552376
290 5625 7406.68455202
291 5625 7391.59158928
292 5625 7375.63694459
293 5625 7413.64541445
294 5625 7391.62523432
295 5625 7411.12703193
296 5625 7398.81921617
297 5625 7376.68225744
298 5625 7376.26526069
299 5625 7371.17008289
