0 5625 7946.15812802
1 5625 7924.9881556
2 5625 7929.83014867
3 5625 7943.42939679
4 5625 7930.97450326
5 5625 7922.28216115
6 5625 7939.87690961
7 5625 7946.58002862
8 5625 7946.79996678
9 5625 7932.89308784
10 5625 7931.12232465
11 5625 7931.35110051
12 5625 7930.43245877
13 5625 7925.49430864
14 5625 7910.39973833
15 5625 7918.69317131
16 5625 7891.60050676
17 5625 7905.65996411
18 5625 7915.9354598
19 5625 7894.24649484
20 5625 7884.71411963
21 5625 7893.61623377
22 5625 7891.3137945
23 5625 7875.10500053
24 5625 7874.92545882
25 5625 7889.05025167
26 5625 7858.76220939
27 5625 7850.7015676
28 5625 7830.47243214
29 5625 7875.701741
30 5625 7853.7910767
31 5625 7845.01984105
32 5625 7852.54946364
33 5625 7837.80852135
34 5625 7826.27833062
35 5625 7812.3804642
36 5625 7811.22510064
37 5625 7809.49078646
38 5625 7803.39378515
39 5625 7799.47141577
40 5625 7819.73948309
41 5625 7812.41271898
42 5625 7776.27314232
43 5625 7794.67398494
44 5625 7793.51945352
45 5625 7807.862232
46 5625 7786.2441649
47 5625 7802.61330359
48 5625 7811.57739797
49 5625 7777.56683061
50 5625 7792.63374008
51 5625 7774.88334463
52 5625 7749.58962833
53 5625 7783.33893836
54 5625 7771.23783354
55 5625 7769.80858917
56 5625 7753.71678708
57 5625 7773.84487477
58 5625 7766.43540498
59 5625 7769.24954303
60 5625 7751.06675255
61 5625 7754.27185642
62 5625 7742.23163468
63 5625 7758.09000824
64 5625 7729.95926216
65 5625 7741.7366327
66 5625 7740.58296097
67 5625 7747.8536666
68 5625 7736.22355355
69 5625 7735.73734094
70 5625 7745.66756219
71 5625 7743.70754627
72 5625 7741.49241598
73 5625 7725.37284377
74 5625 7726.70273981
75 5625 7730.5324627
76 5625 7729.63337839
77 5625 7756.73124017
78 5625 7729.67645912
79 5625 7737.72495388
80 5625 7730.27527535
81 5625 7737.46704148
82 5625 7733.68669066
83 5625 7734.95198975
84 5625 7773.89562697
85 5625 7752.83779956
86 5625 7744.12812956
87 5625 7711.21087706
88 5625 7730.84763222
89 5625 7719.02956669
90 5625 7720.94346631
91 5625 7725.60099405
92 5625 7692.31096718
93 5625 7704.10318845
94 5625 7708.73245605
95 5625 7735.10363652
96 5625 7725.21483362
97 5625 7743.59059593
98 5625 7730.97281385
99 5625 7717.16626556
100 5625 7746.4617574
101 5625 7715.68090984
102 5625 7696.16053155
103 5625 7723.50405601
104 5625 7733.34899535
105 5625 7714.72243141
106 5625 7725.15513696
107 5625 7737.31210878
108 5625 7712.46811669
109 5625 7728.39648483
110 5625 7735.34693947
111 5625 7737.88901354
112 5625 7745.90576045
113 5625 7722.3742497
114 5625 7722.44235191
115 5625 7718.65952609
116 5625 7721.43376072
117 5625 7727.10655703
118 5625 7742.38953212
119 5625 7736.74880289
120 5625 7729.73037804
121 5625 7719.40977987
122 5625 7730.03969168
123 5625 7720.72141392
124 5625 7731.02602816
125 5625 7734.11048074
126 5625 7744.63808028
127 5625 7737.85532612
128 5625 7692.33011039
129 5625 7729.83101457
130 5625 7734.69085351
131 5625 7725.84619755
132 5625 7705.09476788
133 5625 7741.52900083
134 5625 7700.24185484
135 5625 7694.55080092
136 5625 7734.97430602
137 5625 7734.48017473
138 5625 7684.12821444
139 5625 7693.53217934
140 5625 7729.21608945
141 5625 7732.22487518
142 5625 7725.85011244
143 5625 7720.56185732
144 5625 7710.27251567
145 5625 7739.15163793
146 5625 7726.08147651
147 5625 7718.88260913
148 5625 7732.30140994
149 5625 7700.48689908
150 5625 7729.54009786
151 5625 7726.2233901
152 5625 7724.1489253
153 5625 7711.67168688
154 5625 7748.95452176
155 5625 7728.4078529
156 5625 7738.64302287
157 5625 7720.66529739
158 5625 7727.79304183
159 5625 7730.25948071
160 5625 7705.68330777
161 5625 7715.13648781
162 5625 7713.70019475
163 5625 7721.74143695
164 5625 7715.24856683
165 5625 7721.83394385
166 5625 7742.73083328
167 5625 7697.56341241
168 5625 7704.07069476
169 5625 7706.29609615
170 5625 7744.48062719
171 5625 7741.15748984
172 5625 7722.4221011
173 5625 7724.40950379
174 5625 7716.16045765
175 5625 7725.43533625
176 5625 7705.84776996
177 5625 7727.62457543
178 5625 7725.15310962
179 5625 7722.29546269
180 5625 7733.76025732
181 5625 7729.04460988
182 5625 7692.35241906
183 5625 7737.59301899
184 5625 7729.08636855
185 5625 7727.92196579
186 5625 7710.45512371
187 5625 7694.1123554
188 5625 7733.25385198
189 5625 7735.07821481
190 5625 7714.76075119
191 5625 7732.20450206
192 5625 7722.87422656
193 5625 7700.30769499
194 5625 7725.9161759
195 5625 7723.27621741
196 5625 7743.31076173
197 5625 7711.63115457
198 5625 7711.05329258
199 5625 7728.96536484
200 5625 7726.1058128
201 5625 7711.35428053
202 5625 7704.21136133
203 5625 7729.04969205
204 5625 7709.64847987
205 5625 7717.42287193
206 5625 7715.48065274
207 5625 7720.87252247
208 5625 7751.81639732
209 5625 7728.92921866
210 5625 7704.29288121
211 5625 7694.91048533
212 5625 7698.72324432
213 5625 7725.15309691
214 5625 7714.39104656
215 5625 7735.68533894
216 5625 7754.66488503
217 5625 7741.15198427
218 5625 7716.94028938
219 5625 7699.52140408
220 5625 7704.96948595
221 5625 7701.78019691
222 5625 7733.68908916
223 5625 7720.32531555
224 5625 7708.69091888
225 5625 7697.25178841
226 5625 7693.19076517
227 5625 7727.07130695
228 5625 7718.822707
229 5625 7687.77238397
230 5625 7705.1661171
231 5625 7706.40102356
232 5625 7727.62879113
233 5625 7729.97863767
234 5625 7727.89945326
235 5625 7700.38300426
236 5625 7757.78853454
237 5625 7724.67084101
238 5625 7726.64302329
239 5625 7723.38093114
240 5625 7725.15622783
241 5625 7722.04742464
242 5625 7730.0571854
243 5625 7727.96116011
244 5625 7723.43300969
245 5625 7715.47171424
246 5625 7733.45109515
247 5625 7724.37485605
248 5625 7736.66592114
249 5625 7735.49375896
250 5625 7734.34450346
251 5625 7719.11154134
252 5625 7695.19114242
253 5625 7725.69023494
254 5625 7739.9321582
255 5625 7730.4050774
256 5625 7729.43524972
257 5625 7723.35640793
258 5625 7732.63861656
259 5625 7719.85786055
260 5625 7745.97603498
261 5625 7728.62258615
262 5625 7758.52227708
263 5625 7747.53119242
264 5625 7722.94160682
265 5625 7718.99006123
266 5625 7747.8881329
267 5625 7728.45036634
268 5625 7707.22658327
269 5625 7729.71727398
270 5625 7735.15395062
271 5625 7736.70757934
272 5625 7719.57689598
273 5625 7726.43456548
274 5625 7725.57649343
275 5625 7762.05865926
276 5625 7701.7012305
277 5625 7718.50864293
278 5625 7721.22443055
279 5625 7716.24943703
280 5625 7752.03715899
281 5625 7724.60724733
282 5625 7720.68359352
283 5625 7729.95157941
284 5625 7723.27297711
285 5625 7732.19358046
286 5625 7723.20578026
287 5625 7723.39448741
288 5625 7713.85554749
289 5625 7717.83266113
290 5625 7738.8737426
291 5625 7721.22204082
292 5625 7707.43418973
293 5625 7738.66542567
294 5625 7709.81838982
295 5625 7745.28248428
296 5625 7717.27175896
297 5625 7726.38812246
298 5625 7720.80658631
299 5625 7734.18667161
