0 5625 7408.76008977
1 5625 7405.72148942
2 5625 7424.46185756
3 5625 7429.458175
4 5625 7407.32563618
5 5625 7384.40157568
6 5625 7407.9119617
7 5625 7381.01226627
8 5625 7381.69851556
9 5625 7391.10346203
10 5625 7388.04808094
11 5625 7405.22132377
12 5625 7391.96752742
13 5625 7406.66610197
14 5625 7408.64736998
15 5625 7417.08437128
16 5625 7397.87901549
17 5625 7408.97459865
18 5625 7419.18486521
19 5625 7401.50059487
20 5625 7389.16113267
21 5625 7403.39867523
22 5625 7407.65304566
23 5625 7379.14367127
24 5625 7389.02741084
25 5625 7418.73422096
26 5625 7417.22716678
27 5625 7391.48525576
28 5625 7402.08493951
29 5625 7419.42067456
30 5625 7384.75873704
31 5625 7409.34904418
32 5625 7389.04311382
33 5625 7389.44894668
34 5625 7410.15975072
35 5625 7420.87846781
36 5625 7383.52337587
37 5625 7387.3001862
38 5625 7396.50905778
39 5625 7393.65981523
40 5625 7421.75585476
41 5625 7392.14537727
42 5625 7390.11533262
43 5625 7379.25075348
44 5625 7374.98088226
45 5625 7386.79587966
46 5625 7411.17974512
47 5625 7379.38613234
48 5625 7399.33567642
49 5625 7374.29986823
50 5625 7399.98001476
51 5625 7409.31491777
52 5625 7383.14857098
53 5625 7414.85909585
54 5625 7389.80713841
55 5625 7414.06117712
56 5625 7397.65848717
57 5625 7441.98117003
58 5625 7404.66732331
59 5625 7384.57255338
60 5625 7393.39694175
61 5625 7400.05805251
62 5625 7420.3730876
63 5625 7393.6335222
64 5625 7407.63921262
65 5625 7386.28419113
66 5625 7389.83890592
67 5625 7380.44508515
68 5625 7425.04870129
69 5625 7398.5500825
70 5625 7394.01311462
71 5625 7414.25981493
72 5625 7411.86280058
73 5625 7404.28134851
74 5625 7381.17079166
75 5625 7386.99939745
76 5625 7367.42883307
77 5625 7418.93441556
78 5625 7395.56986816
79 5625 7393.95110498
80 5625 7396.5690968
81 5625 7402.65811835
82 5625 7383.11187638
83 5625 7386.07540934
84 5625 7378.01168773
85 5625 7405.4412058
86 5625 7390.38701302
87 5625 7399.77164739
88 5625 7401.09796367
89 5625 7397.38672761
90 5625 7399.48905193
91 5625 7397.21862336
92 5625 7405.83442814
93 5625 7391.42390475
94 5625 7374.543533
95 5625 7425.4035382
96 5625 7406.48593523
97 5625 7395.75244418
98 5625 7394.24173027
99 5625 7347.42534208
100 5625 7395.52464809
101 5625 7390.21307146
102 5625 7387.38136283
103 5625 7385.26317337
104 5625 7398.66260754
105 5625 7377.21591026
106 5625 7381.01853424
107 5625 7377.95821591
108 5625 7380.72964616
109 5625 7390.3792988
110 5625 7372.90937093
111 5625 7380.5085099
112 5625 7373.61614799
113 5625 7402.75592687
114 5625 7393.548354
115 5625 7395.6615804
116 5625 7402.55277605
117 5625 7418.04922491
118 5625 7367.80526474
119 5625 7398.06983844
120 5625 7378.80778057
121 5625 7379.7874894
122 5625 7374.36192625
123 5625 7400.3506347
124 5625 7404.30028199
125 5625 7355.35518449
126 5625 7401.89310139
127 5625 7398.093097
128 5625 7407.98330407
129 5625 7388.23154488
130 5625 7376.7903823
131 5625 7434.57084262
132 5625 7397.95564715
133 5625 7391.10732578
134 5625 7397.5288103
135 5625 7399.24288707
136 5625 7380.97286324
137 5625 7384.8184936
138 5625 7404.21343204
139 5625 7402.65152382
140 5625 7388.18662554
141 5625 7392.36723533
142 5625 7361.02059256
143 5625 7404.96964752
144 5625 7368.36331934
145 5625 7368.62757087
146 5625 7374.36189554
147 5625 7387.07909015
148 5625 7416.61910412
149 5625 7371.17641633
150 5625 7388.43705156
151 5625 7395.75261762
152 5625 7375.3571553
153 5625 7385.70983474
154 5625 7390.95404834
155 5625 7385.09088998
156 5625 7373.11674581
157 5625 7394.9923067
158 5625 7379.06280635
159 5625 7359.25295674
160 5625 7406.16102578
161 5625 7391.77841362
162 5625 7388.71751545
163 5625 7381.20251961
164 5625 7378.40023819
165 5625 7374.98181129
166 5625 7395.1667198
167 5625 7352.54646818
168 5625 7369.84610336
169 5625 7387.50368851
170 5625 7388.26056554
171 5625 7390.60991741
172 5625 7392.04760782
173 5625 7404.02363779
174 5625 7408.81748964
175 5625 7410.50599739
176 5625 7384.14798665
177 5625 7394.9379394
178 5625 7392.74709682
179 5625 7402.38627918
180 5625 7389.06951286
181 5625 7407.53634252
182 5625 7372.35972841
183 5625 7396.96542642
184 5625 7371.63680608
185 5625 7426.0189453
186 5625 7379.8499071
187 5625 7375.98443992
188 5625 7390.5278009
189 5625 7375.76732042
190 5625 7395.66736175
191 5625 7365.42106145
192 5625 7392.81752165
193 5625 7350.80089274
194 5625 7390.95425552
195 5625 7398.06694727
196 5625 7375.41286512
197 5625 7387.81717719
198 5625 7401.15169118
199 5625 7390.98254548
200 5625 7361.01055771
201 5625 7388.11205697
202 5625 7377.93225873
203 5625 7347.97112304
204 5625 7388.94737766
205 5625 7369.18407071
206 5625 7386.44149927
207 5625 7378.86762154
208 5625 7373.45643007
209 5625 7395.55664783
210 5625 7399.39768824
211 5625 7372.20111017
212 5625 7358.47733853
213 5625 7397.83749643
214 5625 7412.11201058
215 5625 7404.38173965
216 5625 7394.15636793
217 5625 7391.96739245
218 5625 7380.81504354
219 5625 7400.05823554
220 5625 7397.45766182
221 5625 7379.03780014
222 5625 7414.03675576
223 5625 7381.40433354
224 5625 7395.08743566
225 5625 7388.92167319
226 5625 7381.88797993
227 5625 7389.06506205
228 5625 7396.81651955
229 5625 7431.13098193
230 5625 7379.04424281
231 5625 7389.00614242
232 5625 7378.83070954
233 5625 7378.71698474
234 5625 7398.10025746
235 5625 7384.36735589
236 5625 7399.00893468
237 5625 7402.31963877
238 5625 7381.83639973
239 5625 7386.29713164
240 5625 7385.8255848
241 5625 7386.38229491
242 5625 7371.06883707
243 5625 7408.43498078
244 5625 7376.13528848
245 5625 7358.54255447
246 5625 7381.9057936
247 5625 7387.38363118
248 5625 7370.60357856
249 5625 7387.0160058
250 5625 7393.70992989
251 5625 7358.19054657
252 5625 7380.09787077
253 5625 7399.24916689
254 5625 7374.60173801
255 5625 7388.95738336
256 5625 7387.80327598
257 5625 7395.97555733
258 5625 7383.56351957
259 5625 7374.47149196
260 5625 7393.35194094
261 5625 7383.71392543
262 5625 7378.93247554
263 5625 7380.14002787
264 5625 7387.31489549
265 5625 7381.45472979
266 5625 7375.92356351
267 5625 7406.2455847
268 5625 7379.77485127
269 5625 7356.5138056
270 5625 7396.77830017
271 5625 7410.3373955
272 5625 7403.62008589
273 5625 7417.63444263
274 5625 7406.90604987
275 5625 7403.90955907
276 5625 7382.33617867
277 5625 7410.08023731
278 5625 7363.34607751
279 5625 7376.41223779
280 5625 7383.33802924
281 5625 7387.47516769
282 5625 7388.85302659
283 5625 7363.14670477
284 5625 7396.67577041
285 5625 7358.1093445
286 5625 7374.63307068
287 5625 7371.52914397
288 5625 7396.53589088
289 5625 7374.67771025
290 5625 7370.44722832
291 5625 7391.52995092
292 5625 7398.22598025
293 5625 7402.83019034
294 5625 7369.3964467
295 5625 7371.75846711
296 5625 7365.32234126
297 5625 7395.06490566
298 5625 7391.97115251
299 5625 7370.62143078
