0 5625 7437.11438284
1 5625 7426.86898182
2 5625 7426.30708408
3 5625 7433.4247565
4 5625 7438.30023399
5 5625 7443.49477474
6 5625 7434.34817438
7 5625 7435.21056926
8 5625 7445.27417538
9 5625 7405.49601112
10 5625 7454.21002793
11 5625 7429.71026456
12 5625 7447.00770403
13 5625 7440.80336371
14 5625 7447.66284813
15 5625 7421.27881459
16 5625 7447.47209569
17 5625 7433.6436019
18 5625 7431.17892326
19 5625 7422.77239288
20 5625 7427.48837492
21 5625 7439.02803303
22 5625 7432.63467071
23 5625 7421.41468016
24 5625 7432.70936608
25 5625 7431.9069223
26 5625 7405.8015858
27 5625 7405.47652441
28 5625 7430.54654088
29 5625 7412.40393544
30 5625 7449.40852147
31 5625 7436.01684471
32 5625 7430.27186953
33 5625 7425.49794635
34 5625 7434.95618469
35 5625 7421.70578409
36 5625 7454.90942784
37 5625 7454.01857636
38 5625 7420.72416095
39 5625 7436.21696127
40 5625 7420.65773492
41 5625 7429.240704
42 5625 7428.52711707
43 5625 7433.98497868
44 5625 7428.12146686
45 5625 7412.24753445
46 5625 7437.13008536
47 5625 7453.00484789
48 5625 7442.57211114
49 5625 7441.39699539
50 5625 7450.46787627
51 5625 7442.73535188
52 5625 7430.72467648
53 5625 7440.51872611
54 5625 7435.79193693
55 5625 7436.84796024
56 5625 7423.00341384
57 5625 7435.79941015
58 5625 7434.35621901
59 5625 7453.30718859
60 5625 7434.73521028
61 5625 7455.35834891
62 5625 7411.47659066
63 5625 7411.57892515
64 5625 7423.86026287
65 5625 7445.36999546
66 5625 7428.17002648
67 5625 7446.80768392
68 5625 7443.31539263
69 5625 7412.95432059
70 5625 7456.17223706
71 5625 7436.96125213
72 5625 7448.97664999
73 5625 7442.45064493
74 5625 7428.2351712
75 5625 7461.55605234
76 5625 7436.95813707
77 5625 7420.23580985
78 5625 7436.42083419
79 5625 7429.85199831
80 5625 7433.58370071
81 5625 7436.71802118
82 5625 7442.54162782
83 5625 7446.70543374
84 5625 7445.99180141
85 5625 7424.04624538
86 5625 7438.14227924
87 5625 7414.33502232
88 5625 7474.21079965
89 5625 7421.01027437
90 5625 7410.81642816
91 5625 7391.03238234
92 5625 7426.59658922
93 5625 7435.82012942
94 5625 7451.16523281
95 5625 7454.37761108
96 5625 7464.66175512
97 5625 7446.76040256
98 5625 7410.34419242
99 5625 7440.22134171
100 5625 7444.44241796
101 5625 7431.42934289
102 5625 7455.99636079
103 5625 7463.13818931
104 5625 7454.43569406
105 5625 7410.14026904
106 5625 7420.34093595
107 5625 7426.1275465
108 5625 7439.46630127
109 5625 7407.8541045
110 5625 7416.17395805
111 5625 7450.89467004
112 5625 7429.51439694
113 5625 7451.53007381
114 5625 7455.14978866
115 5625 7453.54776809
116 5625 7426.8550126
117 5625 7404.66492595
118 5625 7438.92427575
119 5625 7425.84286477
120 5625 7436.40854191
121 5625 7431.93986946
122 5625 7418.08620726
123 5625 7465.18777823
124 5625 7430.29585081
125 5625 7420.71969805
126 5625 7421.23810471
127 5625 7445.93970026
128 5625 7464.93517004
129 5625 7442.86765894
130 5625 7436.16751519
131 5625 7415.89814901
132 5625 7438.82126966
133 5625 7444.84943305
134 5625 7451.80992886
135 5625 7444.2490643
136 5625 7441.25422701
137 5625 7412.63039066
138 5625 7428.82208186
139 5625 7439.12491787
140 5625 7445.3281754
141 5625 7431.31379987
142 5625 7434.42230556
143 5625 7436.31308648
144 5625 7427.14569185
145 5625 7445.5726736
146 5625 7453.95049603
147 5625 7440.42407427
148 5625 7451.50223791
149 5625 7442.56574746
150 5625 7445.42311592
151 5625 7429.54562919
152 5625 7421.25631154
153 5625 7407.46988596
154 5625 7440.65390059
155 5625 7453.25330149
156 5625 7431.36234934
157 5625 7448.62684538
158 5625 7462.67093659
159 5625 7426.53613827
160 5625 7445.34581729
161 5625 7424.05802734
162 5625 7444.67682505
163 5625 7425.91603313
164 5625 7423.54420625
165 5625 7433.55336432
166 5625 7427.66630646
167 5625 7424.65980534
168 5625 7420.2727918
169 5625 7427.82933138
170 5625 7438.6463779
171 5625 7449.33550538
172 5625 7455.38314204
173 5625 7428.15315809
174 5625 7459.469491
175 5625 7440.66970684
176 5625 7431.8734655
177 5625 7443.2563994
178 5625 7436.51662087
179 5625 7428.99727
180 5625 7410.89100038
181 5625 7429.3534728
182 5625 7446.32401003
183 5625 7420.09612641
184 5625 7424.72335288
185 5625 7421.74375663
186 5625 7448.18477345
187 5625 7429.9940987
188 5625 7457.33646451
189 5625 7440.77310651
190 5625 7425.30602237
191 5625 7414.61733864
192 5625 7425.64400176
193 5625 7419.55925414
194 5625 7432.7713307
195 5625 7427.76813269
196 5625 7422.22756576
197 5625 7432.49302303
198 5625 7451.63690554
199 5625 7438.60338708
200 5625 7442.81387567
201 5625 7449.22459926
202 5625 7415.17471373
203 5625 7438.06890854
204 5625 7442.25144146
205 5625 7437.03784413
206 5625 7441.1362832
207 5625 7440.00844838
208 5625 7438.92693622
209 5625 7432.35887953
210 5625 7449.72239916
211 5625 7416.20155695
212 5625 7433.30016784
213 5625 7422.09393763
214 5625 7431.72507647
215 5625 7443.45489889
216 5625 7396.78829781
217 5625 7425.89115017
218 5625 7441.71877157
219 5625 7455.68568148
220 5625 7429.93967213
221 5625 7444.96812411
222 5625 7423.97941319
223 5625 7434.98714673
224 5625 7455.23275825
225 5625 7430.67606647
226 5625 7454.20584386
227 5625 7423.41336171
228 5625 7438.39968012
229 5625 7423.50529737
230 5625 7413.60912712
231 5625 7445.26313511
232 5625 7412.73500109
233 5625 7428.60378051
234 5625 7452.40366139
235 5625 7433.59113048
236 5625 7460.06773213
237 5625 7446.79295264
238 5625 7451.63185829
239 5625 7438.69281314
240 5625 7428.60564513
241 5625 7423.10238146
242 5625 7428.48432315
243 5625 7444.82464182
244 5625 7415.73080914
245 5625 7417.80978937
246 5625 7421.36807325
247 5625 7429.86137525
248 5625 7444.56890044
249 5625 7431.62065247
250 5625 7433.61737082
251 5625 7434.30469703
252 5625 7431.36649492
253 5625 7437.10323617
254 5625 7416.60567681
255 5625 7426.37396904
256 5625 7467.39425118
257 5625 7426.8905399
258 5625 7410.59353941
259 5625 7429.22213195
260 5625 7426.53695557
261 5625 7448.34216353
262 5625 7426.24948
263 5625 7422.53713733
264 5625 7417.36526851
265 5625 7436.00623525
266 5625 7436.10693597
267 5625 7448.40955371
268 5625 7440.81809974
269 5625 7410.48939486
270 5625 7409.66977197
271 5625 7427.63665293
272 5625 7424.5865528
273 5625 7408.78090698
274 5625 7458.41509976
275 5625 7427.73619617
276 5625 7432.59396404
277 5625 7448.65354201
278 5625 7439.15986268
279 5625 7418.25159806
280 5625 7417.53145631
281 5625 7421.10867596
282 5625 7435.3256055
283 5625 7424.0774526
284 5625 7439.12503554
285 5625 7420.44364747
286 5625 7427.96130946
287 5625 7413.77342765
288 5625 7454.26015736
289 5625 7427.92255971
290 5625 7422.83098572
291 5625 7452.04557279
292 5625 7428.05078381
293 5625 7420.84178522
294 5625 7423.93848146
295 5625 7406.79466442
296 5625 7439.84401278
297 5625 7445.64070863
298 5625 7441.46456153
299 5625 7431.32769687
