5.67378682582 5.05091462557 6.52932316788 5.03884096483 10.9216874086 5.76378601281 10.9676184762 5.13040779955 -1.10141574341 -5.49546235383
5.04535751957 5.13287733947 5.42585950227 6.31957594577 10.9695957513 4.20314715646 11.1617020177 5.37546775418 -0.796042340528 -5.41465845412
6.54557366671 5.44561000364 7.75343960654 5.36515280378 13.0616212981 8.14596461036 12.4316454049 5.18412996794 -1.75015871404 -6.46038119534
5.04331246034 6.33230506462 5.35682429784 10.94493077 12.5527523289 2.43020572559 14.1278513796 6.03730091607 -0.388008958356 -5.5423346252
10.8951972679 10.9563502578 12.9946444808 12.5198687386 26.371922278 12.7054528748 25.1107160246 11.0963553354 -3.64102078723 -12.6661702878
5.7069353338 4.15512775824 8.051464506 2.37885815174 12.6076941802 11.1771305578 10.1740505969 4.53878856647 -2.2454383615 -6.74687834608
10.9104737154 11.1234992995 12.328908983 14.0728103908 25.0373362952 10.2123449666 25.8341110867 10.7517386019 -3.33484560307 -12.1014172916
5.09385783646 5.34919513345 5.12282461275 6.00624310584 11.033794424 4.5333154684 10.7252130604 5.47566320799 -1.09421767544 -5.19415378361
-1.12643912381 -0.818034253675 -1.77880056339 -0.403163725237 -3.71257777472 -2.31182293619 -3.41045319424 -1.13292709926 1.36452341069 2.09271984195
-5.49331291194 -5.41860631858 -6.43894695348 -5.54030698261 -12.688845907 -6.80593778153 -12.1618485335 -5.2374552676 2.05706033762 6.48418132992
