4.08139259559 2.7655181473 4.21601245366 -1.34834316018 8.06760863034 8.47374082049 7.93454112114 2.50515008363 -3.25424443816 -4.79223694219
2.76976854413 15.9662317652 1.22600164442 14.0200016711 17.181845522 2.17586375094 22.1430577851 10.7761320035 1.32702610255 -0.740283275403
4.22211381599 1.23843535431 4.53228126414 -2.05528479113 5.6290943009 8.54502673375 4.92266175248 1.26856992748 -2.79457917575 -4.85195053569
-1.34348872936 14.0248194007 -2.06181275645 17.5840745073 10.0351775018 -5.82606856333 16.5907714664 8.93567225967 5.12394956932 3.29711868125
8.06186149245 17.1559116842 5.60078436496 10.0110535471 28.2478454184 15.030760268 31.4901508831 11.946992506 -5.61712669107 -7.30808278282
8.46124028244 2.14286840425 8.52312364178 -5.85154202644 15.0021044653 19.8033958123 12.3702553633 2.34865802413 -8.66043401259 -10.8594539322
7.92472055807 22.105086757 4.8872581701 16.5575100293 31.4797690069 12.3989758998 38.6226395537 15.2989319448 -3.60798538223 -6.62056290672
2.49474158271 10.7484958371 1.24867449536 8.91399599437 11.9239062003 2.34981213543 15.2764643635 7.63531227987 0.441823224654 -1.65400056058
-3.26265171646 1.31220485029 -2.79842135009 5.11491817177 -5.64556141767 -8.68014441447 -3.64322667294 0.424541203068 5.27570657472 4.65224380501
-4.79615072403 -0.748031080255 -4.84924989612 3.29424124564 -7.33175823053 -10.8811526132 -6.65118830534 -1.67364382536 4.64542691174 7.93427256577
