5.93989516653 4.38131976916 3.19666606074 -0.894687868274 11.2782159018 9.42216874402 12.221843538 2.31402098213 -5.73446606393 -3.37105878933
4.38888400072 16.2211957641 -1.03304541391 13.6721086398 16.4800074705 0.830112475539 22.9407733174 9.74826304888 -0.927843559007 1.17375347526
3.20497699207 -1.01892413876 3.66069108371 -3.72311714705 3.23829204596 7.35893129211 1.57694844942 -0.486404733201 -2.59584958508 -3.12228699414
-0.887395450992 13.6766537776 -3.73062341333 16.5385453513 8.05740509796 -7.36175176928 15.1322671821 8.06537737758 3.90314769339 4.56742323302
11.2740448393 16.4547340731 3.21281550345 8.03589249029 28.2704965953 15.0751763899 33.2473169898 9.34132606165 -10.172651288 -4.9761373024
9.40994730882 0.802224485186 7.34336318277 -7.3815493108 15.0516981623 19.9959298093 12.7141973915 0.290285937709 -10.591117097 -8.77596304347
12.2142931201 22.9042878232 1.54522374105 15.1023730141 33.2399687803 12.7399811507 43.2606815254 13.3181045021 -9.33348957588 -3.47547127443
2.30480140622 9.72615787396 -0.49966047033 8.04982712822 9.32245330752 0.289680943962 13.298028475 6.37546455004 -0.0621635014269 0.198410116841
-5.74331962801 -0.937006112502 -2.59295615943 3.89985421681 -10.1981947633 -10.6112466523 -9.36661726103 -0.0777268421668 7.72089313044 4.42022162584
-3.37802189978 1.16264599952 -3.12119925669 4.56212922013 -4.99885626341 -8.79168669303 -3.50399917363 0.185236606124 4.42109477298 4.93963944441
