15.4718245106 1.49124500651 4.28404036881 -4.85293466824 16.5142755261 18.6398754057 21.2807861995 1.53002113642 -10.0550606313 -4.46156873558
1.50293165529 12.2783036685 -2.68016545585 11.3692747572 6.83260709778 -3.36518905494 13.6280312862 6.94665289035 2.75968054683 1.80455242466
4.29232232544 -2.67182105968 3.40405434911 -4.57662382797 2.21449117534 6.72984686635 -0.258054502984 -3.02435500868 -4.73916396443 -3.26260531438
-4.84317193016 11.3731957201 -4.58209279768 14.2834839949 0.661550440923 -10.4162703555 6.73562774083 6.01024548688 6.86877042394 4.39153209235
16.514786372 6.814150327 2.20230964057 0.645505670146 20.2319112008 17.8003198646 28.1901425775 4.73562786391 -9.45508018934 -3.70467677826
18.6321331891 -3.38447719936 6.72321660605 -10.4298902524 17.786876284 25.9720990198 20.0095744639 -0.727474283354 -13.5584329521 -7.12208182873
21.2792745533 13.5980928328 -0.278227549508 6.71021311342 28.1873272388 20.0279494535 45.3516620523 10.456534997 -8.49247606893 -1.57572145919
1.52796969184 6.9366325809 -3.03039854299 6.00233454811 4.73236462828 -0.723917882732 10.4529049928 6.02412151176 2.97061533643 2.93651108228
-10.061578104 2.75829142325 -4.73683991779 6.86951887021 -9.46472738188 -13.5678031524 -8.50799682814 2.96544569015 10.6419634821 6.85390325168
-4.47210360994 1.79439702993 -3.26215948187 4.38520131439 -3.72046912269 -7.13115017051 -1.60154619693 2.92878742353 6.85682428362 5.86468516952
