9.91788209125 3.00708396526 5.64721766916 -1.1515915179 10.6804660552 10.6116274688 12.3999358898 1.38019191783 -8.13811986616 -6.6366909442
3.01202631588 12.3557704304 1.92418750122 13.4461500727 14.7551067838 2.6437832657 20.2291078624 11.8468918645 4.38845248985 -1.38329441018
5.66870907314 1.93945709495 3.57662693658 -0.993557372007 6.37902141032 6.4500119392 6.52355776056 0.668715364065 -4.84492458911 -3.57530483299
-1.1432297826 13.4563460307 -1.00060206471 19.9153543186 12.2961428588 -2.12999634071 20.9082248309 13.641971485 10.1253431978 2.08588816415
10.6671643043 14.725662073 6.33401012537 12.2563544545 25.5882037447 12.1452048355 31.1613780584 12.5546719147 -4.40191989665 -7.78545047925
10.5840725502 2.60116187786 6.40991116889 -2.17062242902 12.0964982985 12.8913204854 12.3993300085 0.756648466162 -10.2486729676 -8.02702330829
12.3681562144 20.1850347313 6.46026723054 20.855405578 31.1420467687 12.4440263934 42.772519489 18.2629639193 -0.940810331489 -8.17611558133
1.35912159949 11.819890368 0.641373123463 13.6118247337 12.5298909585 0.764983633058 18.2379062726 11.9461762242 5.4603732061 -0.537203333656
-8.15697919117 4.37447200901 -4.84319211363 10.1159005335 -4.43952915881 -10.280234045 -0.997657538655 5.43670614298 12.421016818 7.45877652361
-6.65282072454 -1.39289125219 -3.56826696553 2.08316368035 -7.82197215399 -8.06414678347 -8.23244960934 -0.563249898559 7.45468233687 6.19009600269
