5.57338006957 1.13732549402 4.56111776281 -4.2689221224 6.40114389562 10.2678731642 5.92159584193 0.662592758808 -5.17512664627 -7.02565725045
1.14236295186 19.4526505849 3.43926937208 16.7019990244 18.8122219054 2.98269549726 23.8115418699 14.5751614282 5.65541279486 -4.21247446228
4.56888021157 3.45294164856 3.79588072679 -1.02512311785 6.90028829588 8.14652053223 6.40846504011 1.44052596882 -3.34960319914 -4.88369357593
-4.26343461464 16.7099719054 -1.03041744403 20.6636808817 11.6180526222 -6.47227832458 18.0696820734 12.6833011399 10.2157791448 2.44263107528
6.39723411678 18.7839438263 6.8726279836 11.5907844329 24.3739234916 13.2289319598 27.8846682573 12.9759552041 -1.50695336464 -11.0212061487
10.2577224733 2.94435742212 8.12228231797 -6.5017777469 13.2019542415 20.7161548197 11.7909746315 1.32006278314 -9.98026129039 -13.6737202725
5.91301062733 23.7685342341 6.37225827906 18.0320826953 27.8737004414 11.8175284715 35.6946517945 17.2507209162 1.77614412369 -11.4957749609
0.651833699451 14.5398767092 1.41988304785 12.6553762886 12.9508229146 1.32017142825 17.2234360362 10.2531491984 3.9239859292 -2.7007552237
-5.18492421099 5.63546005977 -3.35300309029 10.2031111748 -1.53439534649 -9.9982407493 1.73957883813 3.90756742213 7.78568233264 6.57714849535
-7.03210411976 -4.22054210132 -4.87850549404 2.44288995762 -11.0496524067 -13.7040981067 -11.535161874 -2.72793262808 6.56659213804 10.3492464391
