5.94928979233 5.31652661484 5.47538391873 -3.32319172671 13.0942894746 10.6936804212 10.9578686426 0.180631503 -10.1664694482 -3.87768054958
5.31587203333 11.670437262 4.55052107618 13.0674743405 16.6562603989 5.47600793955 22.9344699992 12.8040984143 4.01663940087 -3.69986980379
5.48944830211 4.56576257415 5.22969518382 -2.07163967568 11.27093688 9.6366078 8.52730362345 1.19215614441 -6.78665015161 -3.87143124242
-3.3161303617 13.0823626212 -2.07275111561 25.3193452886 8.86300622208 -8.38687206193 22.0259858107 15.346960982 15.8414162804 4.82058978226
13.0728627945 16.627121174 11.2215053928 8.81849094365 33.0873129996 19.7759661191 36.1072967324 13.0399817002 -9.10931902068 -10.5425755432
10.6584990153 5.42815553317 9.58678704157 -8.4302248594 19.7159785279 20.5227351125 13.8694413571 -0.614708635016 -17.2318839947 -9.07505538889
10.9194112531 22.8906448756 8.4610626571 21.9702593152 36.0825607972 13.9201471474 49.4291239639 19.7396120738 -1.61346192583 -6.32411192435
0.157046956997 12.7769983129 1.16050468708 15.3177207618 13.0108449633 -0.606593395753 19.7150538218 12.2584685363 6.67655585791 1.39888074256
-10.1837273108 3.99918343685 -6.79127264848 15.8342093673 -9.15633462847 -17.2735547383 -1.6769666377 6.64857133119 18.0603572713 10.1264970529
-3.88875641883 -3.71212376686 -3.86895006781 4.81931246249 -10.5838582344 -9.11812386456 -6.38244357458 1.37012933535 10.1193644644 3.60418798228
