12.4143871042 3.74564021958 2.40058751791 -3.0780509784 16.2274130634 15.0972780138 20.2000168761 0.866950287077 -10.5441750597 -2.85434754403
3.75731903586 13.3032433676 -0.397156543149 12.2752168662 9.86857808097 -2.08810895307 16.6897598111 6.97787857523 -0.00312513691636 0.435430785725
2.41113617377 -0.38408412786 1.55863924892 -2.10969522522 2.45009510572 4.61474609109 1.69119011374 -0.794335609271 -2.0570202884 -0.736889863183
-3.06764880777 12.2789218778 -2.11828118305 16.1557018233 1.5984224658 -10.8284078317 7.88251476137 6.28387403953 5.48601298734 2.73914768548
16.2244958221 9.84615198919 2.42949228379 1.57926989675 24.4177391582 17.9125891385 31.4113206027 3.63729231935 -13.7028162744 -3.96624896993
15.0875430215 -2.11086743117 4.60280436596 -10.8450204681 17.8947166906 23.9864742602 18.1295469303 -2.56049797958 -14.8849830954 -5.61781238701
20.1942108975 16.656360087 1.66286368285 7.85469441048 31.4078970875 18.1518553187 45.0347294254 7.1301365043 -15.2929110251 -3.61351372882
0.860977943777 6.96391585574 -0.803295265066 6.27379784601 3.62642725462 -2.55984466488 7.11640635818 3.88115404935 0.641758135078 0.688710350679
-10.5540437281 -0.00661511904251 -2.0510655452 5.48556319019 -13.7208944462 -14.900623675 -15.3190707611 0.631889884622 10.4730424377 3.82577433545
-2.86649135454 0.422687891778 -0.7352832639 2.73150336448 -3.98824949181 -5.63099941243 -3.64432978945 0.67956216464 3.83108700162 2.1708688994
