2.04420501119 1.71181116528 2.06524328689 -1.29882184728 3.71060335842 4.78823048433 4.77290008782 1.70520985773 -1.04966540142 -2.04350443706
1.72749838139 1.59593371376 1.5075293834 -0.921393075925 3.2541156228 4.20546671922 3.95217345325 1.68112135857 -0.654113059401 -1.88413617992
2.08084619796 1.48596656489 2.40105752452 -0.982985218322 3.80761110476 5.36730529792 5.00452026941 1.2395126265 -0.960021281809 -1.83434682877
-1.25853051978 -0.88307278068 -0.924119549019 1.36964563442 -1.83253072885 -2.71360946819 -3.13193230704 -0.970331337136 0.912932920044 1.97741585567
3.6656405836 3.19290312446 3.73804396896 -1.89846549244 8.62466728357 10.9844994484 10.894240888 3.24817174484 -2.69194337844 -5.18346674854
4.70461672385 4.06477530007 5.22052381124 -2.78632082061 10.9018555754 15.8039658322 14.7179730514 4.12093230346 -3.3822454626 -7.25040320524
4.6909838835 3.82471140415 4.87203349895 -3.18614090135 10.8013528416 14.7106971696 14.8489913118 3.91953810267 -4.03017702461 -7.58629108269
1.660631842 1.62319023957 1.17673514387 -0.977071208825 3.18579630922 4.06393040433 3.85920334359 2.04199797514 -0.735047310397 -2.08192381521
-1.08704858285 -0.675128460082 -0.97150467864 0.947761839457 -2.78657621473 -3.5190658023 -4.16336433409 -0.801152341563 1.55935681675 2.38114657047
-2.07122340557 -1.91544262152 -1.83639291895 2.02681614368 -5.29977267265 -7.43488331449 -7.79173070411 -2.177866337 2.35492132555 4.88417228098
