0.542551860727 1.39364243174 2.73797245657 -0.485430726951 3.78838470237 3.41016695426 3.43928274123 1.4720054761 -0.244164272833 -1.46753000041
1.3822119231 2.68101868826 4.18659966637 0.955561479881 7.08886811669 5.48655339139 6.16401455529 2.58900118326 -0.652905005769 -3.15120860956
2.73494776289 4.20634561781 7.25304559862 2.94282121138 11.735009774 9.18593130954 10.5156977175 3.40509600639 -0.918743087425 -4.84871384045
-0.469262753849 0.975210520292 2.957159627 3.05853008891 3.85087700904 1.53759164016 2.13708490053 0.979546832991 -0.0941342699656 -2.11789617202
3.74179293481 7.07086641351 11.6665278234 3.80048569142 20.1061572399 15.0985190532 17.9850335733 5.87370761139 -2.73707461324 -8.7650152381
3.33503503444 5.42190186588 9.06843936204 1.47836981956 14.9822965834 14.5059608473 14.8972472897 4.31189001666 -1.10039752494 -5.71959951361
3.36823127818 6.11196034333 10.3959698274 2.07990203379 17.8887677922 14.9258671458 17.9763304214 4.91261618058 -2.67821027794 -7.96803623433
1.44350509769 2.56124126831 3.34963452011 0.966032829009 5.80337500031 4.27622165036 4.86832566658 2.08241599931 -0.751472192204 -2.41317650903
-0.257417339245 -0.681777554985 -0.95722100721 -0.0847752418017 -2.83441027885 -1.21339832251 -2.79085569182 -0.78916860577 1.29191595217 1.63709148955
-1.46141946291 -3.16203615315 -4.84476189215 -2.10230447217 -8.8109039151 -5.80585816947 -8.05331157237 -2.45402531463 1.60592199537 4.58341808259
