4.73407414885 6.30416915079 4.84466224828 1.01818284373 12.1819720365 8.59777240462 12.0858797154 2.90479428198 -5.46864424447 -4.21912990744
6.30240798845 11.9198099203 5.38127759965 12.7236328379 15.3460129097 3.76278603274 19.4247338522 10.9544643017 2.59071054511 -4.85119841123
4.86235432028 5.40224943292 5.56229919126 0.112417089764 10.9566684955 9.25373930828 8.89016326414 2.58421891517 -4.51642574274 -4.57688438265
1.02590815168 12.7375447292 0.108672092636 22.3385877021 9.467681777 -7.83569323811 18.5826260482 12.0594660087 9.90476447314 1.61883270226
12.1601803955 15.3217393881 10.8993859833 9.42820479973 28.3573637814 16.9030701486 29.8829409477 11.8795740927 -6.3729070057 -11.919624692
8.55365811804 3.70990412861 9.18954608549 -7.88203513822 16.8318288694 20.4176993679 11.5236868235 -0.212180373715 -13.3477298109 -10.3451257785
12.0416027456 19.3774206499 8.81120930696 18.5282859303 29.8405129768 11.5712801952 38.5892351952 15.2960408727 -2.66622951897 -9.57973416091
2.87182167013 10.9185494939 2.53974286716 12.0267785491 11.8305997458 -0.213119169093 15.2611692334 8.88799052032 2.76379699419 -1.46259134133
-5.49185557228 2.56531369546 -4.52733321036 9.8936116579 -6.43061659557 -13.3999528974 -2.73874943556 2.72797112343 9.81298836173 7.36218398503
-4.22616308963 -4.86032089724 -4.56561433455 1.62214538172 -11.9554868699 -10.3977033316 -9.6383993401 -1.50056808465 7.34319219934 5.6917898017
