7.98784557074 2.14235303964 3.43584940714 -2.54677526919 9.03085827509 10.9379459838 10.6005952239 1.29839458113 -6.16448425806 -5.2112383311
2.1501889192 13.1161526587 4.80159252489 13.0568443148 14.8851723891 1.76570580508 19.7009177542 13.0699223244 5.4622699388 -5.18828963123
3.45422448487 4.81784533976 4.95485066371 2.52194265098 6.73370962764 3.5545725395 6.90820307286 2.5546890976 -1.86371656858 -5.18921846277
-2.53877882743 13.0640847018 2.51193629673 18.8934639704 11.1424314252 -4.71635910905 18.1933362687 13.6809783969 10.6996137501 -1.93079340403
9.02378914941 14.8561692656 6.69829300828 11.1101730805 22.8401439158 11.0278190941 28.2499913619 11.6747756485 -2.93612440845 -9.38199108263
10.9209720218 1.72997417026 3.52699428447 -4.74677340969 10.9947987693 16.3464539733 11.7586355598 -0.67097621005 -10.3984277482 -6.30744501663
10.5813150011 19.6548345485 6.85684176567 18.1455385945 28.237146467 11.7930351379 39.3142721849 16.8321640775 -0.197895478966 -10.0650487574
1.28020186756 13.0382416181 2.53071795071 13.6512646048 11.6480637314 -0.66890135701 16.8018814282 10.7110393887 4.77216225013 -2.60281478007
-6.181764389 5.44533458165 -1.86482586029 10.6870284219 -2.96864073684 -10.4209803608 -0.246046831206 4.75139343126 9.68584650666 4.958404358
-5.22632850269 -5.19702060159 -5.18233129007 -1.93472270592 -9.41089171694 -6.33551154834 -10.1105564387 -2.62747816539 4.95158670754 8.35409048312
