1.152175709423751943e+07 8.777366894662925974e+06 -1.236604016587290168e+07 -5.904871869189167023e+07 -2.323251495052357018e+07 -3.224923664692030475e+07 8.458136396894734353e+06 3.341147456747088209e+07 6.557147671796215698e+06 -9.165951625324137509e+06
8.776499060811111704e+06 8.473313335478853434e+06 -1.495911954850452766e+07 -8.032640321566900611e+07 -2.878619833595972508e+07 -3.378869727695718408e+07 1.141734641731614433e+07 4.269118795573049784e+07 9.592060226566286758e+06 -1.505370747037473880e+07
-1.236572657031740807e+07 -1.496159749144779891e+07 3.483562608827282488e+07 2.034212022256717086e+08 6.902996109005920589e+07 6.894325530380406976e+07 -2.766555281866276637e+07 -1.033033130738250762e+08 -2.738729990028243139e+07 4.319272150665888935e+07
-5.904572779382111132e+07 -8.033977106489886343e+07 2.034174869627327919e+08 1.219561981635269165e+09 4.080581884996100068e+08 3.871742854175431132e+08 -1.667930299167090952e+08 -6.134754518384985924e+08 -1.678265908743072450e+08 2.658747265039297044e+08
-2.323017908177281544e+07 -2.878908713996198773e+07 6.902433439214406908e+07 4.080321634149871469e+08 1.382488061366370916e+08 1.349953822113410532e+08 -5.587629524339229614e+07 -2.066551785570785105e+08 -5.566839145738545060e+07 8.723947918256472051e+07
-3.224782269161562622e+07 -3.379241129475532472e+07 6.894055813958302140e+07 3.871653016091873646e+08 1.350006708500455320e+08 1.456854750172356069e+08 -5.324737271793401241e+07 -2.004294761485238969e+08 -5.017160143920778483e+07 7.768273675959360600e+07
8.458122643170673400e+06 1.141938947479641810e+07 -2.766625051823008433e+07 -1.667998562934326231e+08 -5.588174765727644414e+07 -5.325064227186530828e+07 2.402591182818023488e+07 8.470262509420534968e+07 2.239703322330822796e+07 -3.577709286659938842e+07
3.340853025504533201e+07 4.269606451115338504e+07 -1.032966655132311285e+08 -6.134469001471991539e+08 -2.066585019677187502e+08 -2.004248213492137194e+08 8.469577156126016378e+07 3.106062367583402395e+08 8.331384373488768935e+07 -1.319615520271399021e+08
6.558038574071491137e+06 9.595656601999325678e+06 -2.739114146021583676e+07 -1.678527109683178365e+08 -5.568103747947844118e+07 -5.018127501891199499e+07 2.239918861312238127e+07 8.333105337947861850e+07 2.431261432007922605e+07 -3.761678735271042585e+07
-9.165784257621476427e+06 -1.505735500848414190e+07 4.319355942289806157e+07 2.658847185653835833e+08 8.724873984959965944e+07 7.768796385029181838e+07 -3.577675721576041728e+07 -1.319729884302901775e+08 -3.761234718575107306e+07 6.095682486154858023e+07
