5.356647954919268352e+18 4.084637927236006400e+18 -5.756570536627038208e+18 -2.749987112845076480e+19 -1.081688371695972557e+19 -1.500901519119727616e+19 3.939451151000936960e+18 1.555612523699018752e+19 3.054220182853733888e+18 -4.270030922297763328e+18
4.084637927652487680e+18 3.943735823005350400e+18 -6.963169644464612352e+18 -3.738961205561569280e+19 -1.339993969760160154e+19 -1.572722943605496218e+19 5.313477112766766080e+18 1.987176902500672717e+19 4.464576814391020032e+18 -7.005797306956920832e+18
-5.756570536840029184e+18 -6.963169643349511168e+18 1.619649921395439206e+19 9.456550800854324019e+19 3.209628433365399552e+19 3.206994257200388096e+19 -1.286262558495834522e+19 -4.802586996757644083e+19 -1.272895912293740749e+19 2.007111376845059686e+19
-2.749987113137244160e+19 -3.738961205095822950e+19 9.456550801398202368e+19 5.668392265057613251e+20 1.897000083029973729e+20 1.800812974504819425e+20 -7.752788841702252544e+19 -2.851598250043196703e+20 -7.798294811481489408e+19 1.235203161468541010e+20
-1.081688371765308211e+19 -1.339993969571002982e+19 3.209628433453916160e+19 1.897000082974698373e+20 6.428554656416058573e+19 6.280171587694786150e+19 -2.597921633972100301e+19 -9.608374166853147034e+19 -2.587448460502048358e+19 4.054078151572719206e+19
-1.500901519240550195e+19 -1.572722943490053120e+19 3.206994257465011814e+19 1.800812974558947574e+20 6.280171588052294861e+19 6.778729963918400717e+19 -2.476693386437518950e+19 -9.323011766027804672e+19 -2.333138121510305792e+19 3.611822110736050586e+19
3.939451151989126144e+18 5.313477112948871168e+18 -1.286262558769795686e+19 -7.752788842935125606e+19 -2.597921634451680870e+19 -2.476693386764352717e+19 1.116588584104041472e+19 3.937400388393363866e+19 1.040650732459725414e+19 -1.662089594698847232e+19
1.555612523769476096e+19 1.987176902182696141e+19 -4.802586996783620096e+19 -2.851598249899095818e+20 -9.608374166644092109e+19 -9.323011765300748288e+19 3.937400387608278630e+19 1.443939158187007345e+20 3.871868154105155584e+19 -6.131622973315286630e+19
3.054220183681723392e+18 4.464576814151741952e+18 -1.272895912503092634e+19 -7.798294812239062630e+19 -2.587448460838808781e+19 -2.333138121670704742e+19 1.040650732366832435e+19 3.871868154696925184e+19 1.129159662490272973e+19 -1.746668221318231654e+19
-4.270030923578981376e+18 -7.005797306627195904e+18 2.007111377171331891e+19 1.235203161588689142e+20 4.054078152100393779e+19 3.611822110995861504e+19 -1.662089594564803379e+19 -6.131622974237573120e+19 -1.746668221326374298e+19 2.830552212725513421e+19
