-1.404604063896520238e+05 -1.019313908741089544e+05 1.453835573872427922e+05 6.859234882677332498e+05 2.718069020536609460e+05 3.773192408642192604e+05 -9.741472129924794717e+04 -3.909210212253130157e+05 -7.718998392152172164e+04 1.067047886214601167e+05
-1.016583726039919711e+05 -1.004907707188762288e+05 1.734984109684931464e+05 9.359007821481211577e+05 3.353990511338191573e+05 3.954988917948254384e+05 -1.346145692871558713e+05 -4.968212074030578951e+05 -1.109753831631771027e+05 1.768668300415972481e+05
1.453670529560832074e+05 1.743748854028504575e+05 -4.156995478552774875e+05 -2.417777887236899696e+06 -8.180781179430721095e+05 -8.124008833523349604e+05 3.265254799877956393e+05 1.226969012302855263e+06 3.249354169152068207e+05 -5.149047086528184009e+05
6.853645910645272816e+05 9.405725647506299429e+05 -2.416273680116728880e+06 -1.451976237959293090e+07 -4.846660943116340786e+06 -4.570044397509766743e+06 1.982077442341445945e+06 7.296884164600133896e+06 2.005149332522219280e+06 -3.181459157805989962e+06
2.712756483027606737e+05 3.365492495728151989e+05 -8.164392923060138710e+05 -4.839920625704102218e+06 -1.641165902234115871e+06 -1.588013001117841341e+06 6.618179478726937668e+05 2.448953576846029609e+06 6.628370354554357473e+05 -1.040790551866604830e+06
3.769773145440691733e+05 3.967922412645326112e+05 -8.113823226726580178e+05 -4.566841189544413239e+06 -1.589089469449079363e+06 -1.713606688452207251e+06 6.282963766011687694e+05 2.361192871063559316e+06 5.944090245727086440e+05 -9.210185316137372283e+05
-9.734131327720917761e+04 -1.351790026861747028e+05 3.263271225634565344e+05 1.981977062589465873e+06 6.626073608774798922e+05 6.286551290521655465e+05 -2.898490415450031287e+05 -1.003363061419784441e+06 -2.676229361802767380e+05 4.276428977357998956e+05
-3.903159581958063645e+05 -4.987404815129831550e+05 1.225143981697180308e+06 7.290457294614898972e+06 2.450140147640938871e+06 2.360729881038660649e+06 -1.002627912901451695e+06 -3.693995872761328705e+06 -9.922296027000345057e+05 1.575756457012005616e+06
-7.746064102557340811e+04 -1.121024966715689225e+05 3.258768226841784199e+05 2.012102072253472172e+06 6.661691618649179582e+05 5.971047434791568667e+05 -2.684902395646870136e+05 -9.966345899987553712e+05 -2.973028069001792464e+05 4.536907695007763687e+05
1.065929218476811948e+05 1.779523239515871974e+05 -5.146178692766755703e+05 -3.181778122285183053e+06 -1.042431092214785167e+06 -9.218492305295576807e+05 4.277068738961919444e+05 1.577379464285725029e+06 4.521478647590943146e+05 -7.375725933932504850e+05
