8.926463867730638123e+10 6.806695352873944092e+10 -9.592766859437530518e+10 -4.582566017949443970e+11 -1.802525486363273315e+11 -2.501116618164807434e+11 6.564692188665186310e+10 2.592272157986037598e+11 5.089526984136592102e+10 -7.115535872667034912e+10
6.806694320416132355e+10 6.571884209800188446e+10 -1.160350916354513702e+11 -6.230649270408415527e+11 -2.232979679193695984e+11 -2.620802791967623291e+11 8.854453907658259583e+10 3.311454710541575928e+11 7.439827053680914307e+10 -1.167456877068670807e+11
-9.592765440951110840e+10 -1.160351087724831390e+11 2.699029615335798035e+11 1.575869118491550537e+12 5.348612096925186157e+11 5.344199103581459351e+11 -2.143469115405723572e+11 -8.003172806244173584e+11 -2.121199023951360168e+11 3.344730208403842163e+11
-4.582565666420530396e+11 -6.230650866701116943e+11 1.575869279094400635e+12 9.446009609063167969e+12 3.161219900071887695e+12 3.000914814613276367e+12 -1.291952962927456787e+12 -4.751998943409628906e+12 -1.299539265835201172e+12 2.058397281143188721e+12
-1.802524711405321045e+11 -2.232979434514963684e+11 5.348610476055917358e+11 3.161218619124251953e+12 1.071271347555369751e+12 1.046539369018262939e+12 -4.329258571192108154e+11 -1.601167024970352783e+12 -4.311814594391798706e+11 6.755875065887176514e+11
-2.501116498007907715e+11 -2.620803290802892761e+11 5.344199588139495850e+11 3.000914798390511719e+12 1.046539771778382202e+12 1.129617841592122803e+12 -4.127220359470925293e+11 -1.553606343151396973e+12 -3.888001104772468262e+11 6.018848462269146729e+11
6.564697379566794586e+10 8.854462508443411255e+10 -2.143471155793186340e+11 -1.291954057970439209e+12 -4.329263793247932129e+11 -4.127223868920126953e+11 1.860726492880231934e+11 6.561424953966237793e+11 1.734185481091631470e+11 -2.769783592201037598e+11
2.592271007798967896e+11 3.311454343806488647e+11 -8.003170395564001465e+11 -4.751997040909366211e+12 -1.601167022272312988e+12 -1.553605744918675293e+12 6.561417221177275391e+11 2.406225121879639648e+12 6.452227071660399170e+11 -1.021799128650524536e+12
5.089533312161159515e+10 7.439837573453892517e+10 -2.121201515886616516e+11 -1.299540601957774658e+12 -4.311820987610797119e+11 -3.888005386962094727e+11 1.734185462789037170e+11 6.452236538944172363e+11 1.881684681572734680e+11 -2.910739237292196045e+11
-7.115541532780358887e+10 -1.167458004754640045e+11 3.344732693717993164e+11 2.058398539663114258e+12 6.755882188339663086e+11 6.018852509463078613e+11 -2.769782633917128296e+11 -1.021800183861109741e+12 -2.910738089154743652e+11 4.716984032674869995e+11
