3.214440006116499820e+26 2.451126840107823963e+26 -3.454427250664373312e+26 -1.650223925316216965e+27 -6.491041437086613141e+26 -9.006673455657914280e+26 2.364002546987835325e+26 9.334985580043063159e+26 1.832789396487246215e+26 -2.562378259928677679e+26
2.451126840108034932e+26 2.366573707751009939e+26 -4.178488352767476278e+26 -2.243691687146881835e+27 -8.041092608498063376e+26 -9.437662498230090463e+26 3.188533864909498811e+26 1.192473538069359136e+27 2.679122176420847219e+26 -4.204068538713911745e+26
-3.454427250664482576e+26 -4.178488352767292110e+26 9.719263888038925737e+26 5.674727078939260580e+27 1.926047432535121556e+27 1.924466705826142950e+27 -7.718658866684003751e+26 -2.881956757655781814e+27 -7.638447729482757378e+26 1.204435899694835998e+27
-1.650223925316289808e+27 -2.243691687146800746e+27 5.674727078939101151e+27 3.401512850051319943e+28 1.138359848738765030e+28 1.080639481673520415e+28 -4.652326378706027304e+27 -1.711199161807706285e+28 -4.679633793440612248e+27 7.412259466775119068e+27
-6.491041437086948492e+26 -8.041092608497965794e+26 1.926047432535085547e+27 1.138359848738799555e+28 3.857674321975877662e+27 3.768631983227119893e+27 -1.558971822795478724e+27 -5.765833888752997993e+27 -1.552687036410334836e+27 2.432788395298593007e+27
-9.006673455658193281e+26 -9.437662498230458800e+26 1.924466705826200399e+27 1.080639481673561757e+28 3.768631983226919232e+27 4.067809007318028950e+27 -1.486224663083668137e+27 -5.594592412646101326e+27 -1.400079411389519836e+27 2.167397517641040116e+27
2.364002546987862469e+26 3.188533864909534545e+26 -7.718658866684473792e+26 -4.652326378706205975e+27 -1.558971822795496041e+27 -1.486224663083699198e+27 6.700472085671497131e+26 2.362771909022260891e+27 6.244781006072145241e+26 -9.973937657373383302e+26
9.334985580043163489e+26 1.192473538069367520e+27 -2.881956757655752677e+27 -1.711199161807610627e+28 -5.765833888753475181e+27 -5.594592412645669218e+27 2.362771909022047036e+27 8.664851290936741543e+27 2.323447048444581226e+27 -3.679490294498803298e+27
1.832789396487383654e+26 2.679122176420805988e+26 -7.638447729482310701e+26 -4.679633793440910766e+27 -1.552687036410333736e+27 -1.400079411389480803e+27 6.244781006072303296e+26 2.323447048444577377e+27 6.775909143872948728e+26 -1.048148066185971393e+27
-2.562378259928904453e+26 -4.204068538713800420e+26 1.204435899694822941e+27 7.412259466775281796e+27 2.432788395298625717e+27 2.167397517641082722e+27 -9.973937657373450647e+26 -3.679490294498875866e+27 -1.048148066185907071e+27 1.698569763402956831e+27
