-7.856584149391656250e+12 -5.990924776722218750e+12 8.443136603873808594e+12 4.033391984704440625e+13 1.586507236274759375e+13 2.201366617050083594e+13 -5.777974001266510742e+12 -2.281609497797133984e+13 -4.479607837514867188e+12 6.262830116942797852e+12
-5.990924883063316406e+12 -5.784263624322917969e+12 1.021285750105228516e+13 5.483921868080705469e+13 1.965364433117035547e+13 2.306707298566051562e+13 -7.793260459391349609e+12 -2.914585616777023438e+13 -6.548180353602674805e+12 1.027538216104338867e+13
8.443136572760151367e+12 1.021285711550796680e+13 -2.375537212719685547e+13 -1.386990683031841406e+14 -4.707555260826928125e+13 -4.703689637798032031e+13 1.886559312378246484e+13 7.043945273365425000e+13 1.866954780451794922e+13 -2.943828483650884375e+13
4.033392061525773438e+13 5.483921751934638281e+13 -1.386990714281120312e+14 -8.313823638936565000e+14 -2.782326779302964062e+14 -2.641247875800530312e+14 1.137100679922832500e+14 4.182434928665958750e+14 1.143775257783304844e+14 -1.811671949748840000e+14
1.586507212503649023e+13 1.965364335700108203e+13 -4.707555202966314062e+13 -2.782326682925284062e+14 -9.428747305786556250e+13 -9.211109652318207812e+13 3.810367594600417188e+13 1.409258374970338125e+14 3.795007222936301562e+13 -5.946112763777867188e+13
2.201366652423577344e+13 2.306707274433702734e+13 -4.703689773088221094e+13 -2.641247896993473438e+14 -9.211110030310385938e+13 -9.942341870973318750e+13 3.632560528059132031e+13 1.367403692728140156e+14 3.422008617085214844e+13 -5.297453196427136719e+13
-5.777974696445039062e+12 -7.793261030702626953e+12 1.886559547964857812e+13 1.137100797175714688e+14 3.810368104090892969e+13 3.632560875911332812e+13 -1.637699540038249219e+13 -5.774980561499779688e+13 -1.526321987688880273e+13 2.437786627127790625e+13
-2.281609449034033984e+13 -2.914585456586033203e+13 7.043945143132131250e+13 4.182434759612182500e+14 1.409258366102281562e+14 1.367403628374564531e+14 -5.774979775715485938e+13 -2.117823072721057500e+14 -5.678864840631925781e+13 8.993247123350051562e+13
-4.479608498085213867e+12 -6.548180824775201172e+12 1.866955006351329688e+13 1.143775364017310469e+14 3.795007723037142969e+13 3.422008923776456641e+13 -1.526321940870708008e+13 -5.678865620089489844e+13 -1.656138218444478516e+13 2.561838800932214062e+13
6.262830941863484375e+12 1.027538266649335352e+13 -2.943828768122099219e+13 -1.811672076424063438e+14 -5.946113406643064062e+13 -5.297453551881290625e+13 2.437786514669930859e+13 8.993248134420765625e+13 2.561838749634239062e+13 -4.151572274500386719e+13
