-6.086113511055441600e+16 -4.640881777983301600e+16 6.540497237268818400e+16 3.124478873132394880e+17 1.228992113681492320e+17 1.705293495006899200e+17 -4.475923496448973600e+16 -1.767455001770088000e+17 -3.470142227330643600e+16 4.851521409190635200e+16
-4.640881781466744800e+16 -4.480791701904936000e+16 7.911410443694243200e+16 4.248130988424384000e+17 1.522473646025100480e+17 1.786895530350266560e+17 -6.037063664142620800e+16 -2.257789613043023360e+17 -5.072560559463974400e+16 7.959843150963801600e+16
6.540497238755044000e+16 7.911410434022494400e+16 -1.840213013520764160e+17 -1.074433904650274816e+18 -3.646713979351219840e+17 -3.643721067490344320e+17 1.461425138467391040e+17 5.456600826867376000e+17 1.446238230266959360e+17 -2.280438790469575680e+17
3.124478875514898560e+17 4.248130984459121920e+17 -1.074433905142457472e+18 -6.440311043186890752e+18 -2.155332583637915392e+18 -2.046046753398783232e+18 8.808559706641907200e+17 3.239927445425661440e+18 8.860262666706200320e+17 -1.403412509264478720e+18
1.228992114152000960e+17 1.522473644312628480e+17 -3.646713979926385920e+17 -2.155332583002309888e+18 -7.303991917112554240e+17 -7.135402085696124160e+17 2.951705279130179200e+17 1.091683762497290368e+18 2.939805876556880640e+17 -4.606160467795899520e+17
1.705293496007039040e+17 1.786895529371757760e+17 -3.643721069849280640e+17 -2.046046753868033536e+18 -7.135402089291413760e+17 -7.701853869634222080e+17 2.813968217601673280e+17 1.059261467344212224e+18 2.650863670756980160e+17 -4.103678200942634880e+17
-4.475923505647632800e+16 -6.037063666773584000e+16 1.461425141134554560e+17 8.808559718915402240e+17 2.951705284008766720e+17 2.813968220941521280e+17 -1.268645056392688320e+17 -4.473593580449318400e+17 -1.182366029447415840e+17 1.888432129734566400e+17
-1.767455002184951680e+17 -2.257789610177584320e+17 5.456600826795520640e+17 3.239927443938021376e+18 1.091683762314162432e+18 1.059261466638044288e+18 -4.473593572567669760e+17 -1.640574053172647424e+18 -4.399137197892393600e+17 6.966624303238247680e+17
-3.470142235072506000e+16 -5.072560558434728800e+16 1.446238232372741120e+17 8.860262674816966400e+17 2.939805880224608000e+17 2.650863672636368960e+17 -1.182366028590813440e+17 -4.399137204139721600e+17 -1.282928061360179840e+17 1.984528635016084800e+17
4.851521420901824000e+16 7.959843149392452800e+16 -2.280438793654017920e+17 -1.403412510490294528e+18 -4.606160473341632640e+17 -4.103678203781736960e+17 1.888432128435548160e+17 6.966624312685707520e+17 1.984528635013474240e+17 -3.216015416795553920e+17
