-3.652180806152730148e+24 -2.784920042634665104e+24 3.924849391213465876e+24 1.874950577521462292e+25 7.374988148262441067e+24 1.023319765165969949e+25 -2.685931207724325006e+24 -1.060621915362645121e+25 -2.082377721410831228e+24 2.911321624038725479e+24
-2.784920042635230429e+24 -2.688852507853759539e+24 4.747512764794500612e+24 2.549236476378025942e+25 9.136124497379840871e+24 1.072287856217064553e+25 -3.622746779854485401e+24 -1.354863976087029037e+25 -3.043963667527089019e+24 4.776576447416487532e+24
3.924849391213936711e+24 4.747512764793109579e+24 -1.104282828557576705e+25 -6.447508517325020652e+25 -2.188335589234826020e+25 -2.186539599968224815e+25 8.769781893124247043e+24 3.274420158549269677e+25 8.678647644180565981e+24 -1.368455366018003685e+25
1.874950577521856355e+25 2.549236476377358504e+25 -6.447508517325598755e+25 -3.864729134534920281e+26 -1.293381112153321211e+26 -1.227800414949231052e+26 5.285877811365430267e+25 1.944229390615825469e+26 5.316903935906817886e+25 -8.421657179267849831e+25
7.374988148263021961e+24 9.136124497377814720e+24 -2.188335589234762455e+25 -1.293381112153311590e+26 -4.383010442970540558e+25 -4.281842363957755004e+25 1.771271810243551828e+25 6.551022206016358170e+25 1.764131164854872045e+25 -2.764084277774108278e+25
1.023319765166126500e+25 1.072287856216922389e+25 -2.186539599968534052e+25 -1.227800414949282592e+26 -4.281842363958171616e+25 -4.621761162550429171e+25 1.688617979436562559e+25 6.356461153057056604e+25 1.590741511317716622e+25 -2.462552605796824783e+25
-2.685931207725527060e+24 -3.622746779854420977e+24 8.769781893126850867e+24 5.285877811366615678e+25 1.771271810244088270e+25 1.688617979436888547e+25 -7.612938955756614820e+24 -2.684532982118472332e+25 -7.095192097431027909e+24 1.133218339891737080e+25
-1.060621915362727370e+25 -1.354863976086790881e+25 3.274420158549243048e+25 1.944229390615566053e+26 6.551022206015666680e+25 6.356461153055759523e+25 -2.684532982117788573e+25 -9.844826318962941094e+25 -2.639852882089903328e+25 4.180561405546773605e+25
-2.082377721411788469e+24 -3.043963667526743275e+24 8.678647644182923918e+24 5.316903935907279166e+25 1.764131164855219937e+25 1.590741511317814976e+25 -7.095192097430295617e+24 -2.639852882090544996e+25 -7.698648994056696133e+24 1.190884335080874435e+25
2.911321624040208853e+24 4.776576447415927039e+24 -1.368455366018344062e+25 -8.421657179268569668e+25 -2.764084277774826826e+25 -2.462552605797074750e+25 1.133218339891561201e+25 4.180561405547517494e+25 1.190884335080871643e+25 -1.929880127184250603e+25
