6.914917055208596250e+14 5.272874071525916875e+14 -7.431177387882333750e+14 -3.549967963511890500e+15 -1.396355336738654250e+15 -1.937519208730589250e+15 5.085451387275621875e+14 2.008145690974443250e+15 3.942703371694702500e+14 -5.512197604203200000e+14
5.272874096495961875e+14 5.090983023142525000e+14 -8.988781268973587500e+14 -4.826638766632016000e+15 -1.729803118166915750e+15 -2.030233811337987500e+15 6.859187293577013750e+14 2.565253956635448500e+15 5.763338693001351250e+14 -9.043809794131411250e+14
-7.431177394616503750e+14 -8.988781195013521250e+14 2.090812206936150250e+15 1.220749749445266000e+16 4.143321465019628500e+15 4.139920812657247500e+15 -1.660441273526304500e+15 -6.199677785210464000e+15 -1.643186238387199750e+15 2.590987891966630500e+15
-3.549967980259887500e+15 -4.826638737819063000e+15 1.220749753628524600e+16 7.317349436703056000e+16 2.448844646657084800e+16 2.324676212810460000e+16 -1.000810520285536800e+16 -3.681139122508770400e+16 -1.006684919539342000e+16 1.594528627205878800e+16
-1.396355338421864500e+15 -1.729803103891447500e+15 4.143321466147925000e+15 2.448844639022972800e+16 8.298645473321307000e+15 8.107096806615323000e+15 -3.353667008200763500e+15 -1.240348666468464400e+16 -3.340147189070922000e+15 5.233425274775298000e+15
-1.937519215942217250e+15 -2.030233804374194000e+15 4.139920832136166500e+15 2.324676216460037200e+16 8.107096843146904000e+15 8.750687501915414000e+15 -3.197172838699155000e+15 -1.203511069639517000e+16 -3.011856817778232000e+15 4.662514961190254000e+15
5.085451469794036250e+14 6.859187332085756250e+14 -1.660441299017325250e+15 -1.000810532392986200e+16 -3.353667057987665000e+15 -3.197172872838591000e+15 1.441408570652148000e+15 5.082805418687273000e+15 1.343380139540053500e+15 -2.145598069684919000e+15
2.008145691232359000e+15 2.565253932880703000e+15 -6.199677779556882000e+15 -3.681139106871104800e+16 -1.240348665014665000e+16 -1.203511062851394400e+16 5.082805339762807000e+15 1.863986564696796400e+16 4.998209605997602000e+15 -7.915336085039783000e+15
3.942703443209198750e+14 5.763338704603692500e+14 -1.643186259886919000e+15 -1.006684928571506000e+16 -3.340147230748219500e+15 -3.011856841077312500e+15 1.343380132346128250e+15 4.998209674167273000e+15 1.457636675609911250e+15 -2.254781005964860000e+15
-5.512197706469311250e+14 -9.043809804556725000e+14 2.590987922542710000e+15 1.594528639708402800e+16 5.233425333953367000e+15 4.662514992729342000e+15 -2.145598057368418750e+15 -7.915336182446338000e+15 -2.254781004206735500e+15 3.653971248059930000e+15
