-2.829165668771758974e+28 -2.157341214222058955e+28 3.040388672445403220e+28 1.452432419459706703e+29 5.713042257265221730e+28 7.927157228663628609e+28 -2.080659410069046668e+28 -8.216118724036067839e+28 -1.613116072711331428e+28 2.255258331032925449e+28
-2.157341214222060274e+28 -2.082922398255278302e+28 3.677665712384967399e+28 1.974768693926823696e+29 7.077308366026561507e+28 8.306489056458947363e+28 -2.806364569614818216e+28 -1.049546791480146917e+29 -2.358009628287304747e+28 3.700179924422392045e+28
3.040388672445439724e+28 3.677665712384983672e+28 -8.554338443228822133e+28 -4.994569194271521230e+29 -1.695196445472914612e+29 -1.693805180515940913e+29 6.793520685727210221e+28 2.536532989301423655e+29 6.722923444779334265e+28 -1.060075375856604015e+29
1.452432419459789034e+29 1.974768693926753679e+29 -4.994569194271618338e+29 -2.993816452924518267e+30 -1.001919026838718098e+30 -9.511168713843723830e+29 4.094710756930702546e+29 1.506099324238346091e+30 4.118745176650451610e+29 -6.523845513222256523e+29
5.713042257265131130e+28 7.077308366026579978e+28 -1.695196445472877668e+29 -1.001919026838736676e+30 -3.395303608799470163e+29 -3.316933650929482258e+29 1.372117554299412852e+29 5.074756181126705044e+29 1.366586045905327485e+29 -2.141200767246697201e+29
7.927157228663507223e+28 8.306489056458247194e+28 -1.693805180516070392e+29 -9.511168713843256582e+29 -3.316933650929458332e+29 -3.580252102614300477e+29 1.308089678101605553e+29 4.924039258630521139e+29 1.232269570040266714e+29 -1.907618943213322330e+29
-2.080659410069023798e+28 -2.806364569614891223e+28 6.793520685726837266e+28 4.094710756930733508e+29 1.372117554299460879e+29 1.308089678101577406e+29 -5.897371098315514593e+28 -2.079576273137297559e+29 -5.496297954777644061e+28 8.778487683393647154e+28
-8.216118724036535791e+28 -1.049546791480110501e+29 2.536532989301442303e+29 1.506099324238285574e+30 5.074756181126591047e+29 4.924039258630290329e+29 -2.079576273137255690e+29 -7.626304970908443915e+29 -2.044964787073299167e+29 3.238476250906926942e+29
-1.613116072711329449e+28 -2.358009628287163130e+28 6.722923444779715136e+28 4.118745176650533941e+29 1.366586045905345429e+29 1.232269570040245603e+29 -5.496297954777573692e+28 -2.044964787073281574e+29 -5.963766468834385976e+28 9.225197916275506074e+28
2.255258331033024405e+28 3.700179924422173023e+28 -1.060075375856583784e+29 -6.523845513222158007e+29 -2.141200767246464632e+29 -1.907618943213272720e+29 8.778487683393154572e+28 3.238476250906982533e+29 9.225197916275249228e+28 -1.494983652358527243e+29
