4.149532924977309182e+22 3.164169033137474503e+22 -4.459333378741388077e+22 -2.130280390503286901e+23 -8.379310271347040872e+22 -1.162674928668879398e+23 3.051699949155567796e+22 1.205056866633957633e+23 2.365954857001429447e+22 -3.307783917327849672e+22
3.164169033142396099e+22 3.055019070496609350e+22 -5.394026630877523896e+22 -2.896390199090787176e+23 -1.038027727008966986e+23 -1.218311469385318840e+23 4.116090588000883730e+22 1.539368661086120601e+23 3.458489086730030390e+22 -5.427048191012783522e+22
-4.459333378744032166e+22 -5.394026630864948534e+22 1.254663500741554869e+23 7.325526937700369275e+23 2.486342013280147640e+23 2.484301447101227016e+23 -9.964046317044061176e+22 -3.720329025125360903e+23 -9.860501452570452663e+22 1.554810919590789424e+23
-2.130280390507002048e+23 -2.896390199085419138e+23 7.325526937706532553e+23 4.391025976317005229e+24 1.469513092126043015e+24 1.395001649028175447e+24 -6.005705954926849425e+23 -2.208993557091656166e+24 -6.040957201280457612e+23 9.568514157351885320e+23
-8.379310271356773335e+22 -1.038027727006819670e+23 2.486342013281520352e+23 1.469513092125583454e+24 4.979886568871016173e+23 4.864941472451398101e+23 -2.012482701673089435e+23 -7.443137067692803553e+23 -2.004369646837774365e+23 3.140495864518055150e+23
-1.162674928670387837e+23 -1.218311469383975992e+23 2.484301447104314695e+23 1.395001649028962768e+24 4.864941472455260216e+23 5.251150239600117295e+23 -1.918573114346943399e+23 -7.222080789776183591e+23 -1.807367878734238743e+23 2.797901763274040242e+23
3.051699949166060687e+22 4.116090588001523781e+22 -9.964046317072116036e+22 -6.005705954939304831e+23 -2.012482701677765916e+23 -1.918573114350113621e+23 8.649665098767296941e+22 3.050111314004557798e+23 8.061411737444926515e+22 -1.287539435277787626e+23
1.205056866635105530e+23 1.539368661082571213e+23 -3.720329025125994411e+23 -2.208993557090164202e+24 -7.443137067690567485e+23 -7.222080789768635186e+23 3.050111313996772498e+23 1.118548974425274172e+24 2.999346700743297236e+23 -4.749868124885339236e+23
2.365954857010715217e+22 3.458489086726237481e+22 -9.860501452591529879e+22 -6.040957201287759056e+23 -2.004369646840848623e+23 -1.807367878735674537e+23 8.061411737434829986e+22 2.999346700749071953e+23 8.747047086366750094e+22 -1.353058356272779273e+23
-3.307783917342028936e+22 -5.427048191007528898e+22 1.554810919594094871e+23 9.568514157362936807e+23 3.140495864522976914e+23 2.797901763276419587e+23 -1.287539435276400486e+23 -4.749868124894292229e+23 -1.353058356272947045e+23 2.192690218332364525e+23
