-1.014184446727640748e+09 -7.732865720537433624e+08 1.089755207405310869e+09 5.205674778334045410e+09 2.047669849820249319e+09 2.841393830665026665e+09 -7.457338820366948843e+08 -2.944819127853528500e+09 -5.781475315072941780e+08 8.082833915224757195e+08
-7.732824569152362347e+08 -7.465974235228222609e+08 1.318215891676100492e+09 7.078319814338203430e+09 2.536756242397477150e+09 2.977354183679877758e+09 -1.005920869779470086e+09 -3.761971984311743259e+09 -8.452027615441830158e+08 1.326308787416096449e+09
1.089752718320546865e+09 1.318226457493298769e+09 -3.066516256599293709e+09 -1.790460025738535309e+10 -6.076834043376916885e+09 -6.071584184251688957e+09 2.435344392655059814e+09 9.092925565209754944e+09 2.410101480352573395e+09 -3.800348684773736000e+09
5.205658262055209160e+09 7.078380445429519653e+09 -1.790459448664130783e+10 -1.073250851204245453e+11 -3.591687922633806610e+10 -3.409396343946192169e+10 1.467909779663181686e+10 5.399151640487757874e+10 1.476566553118795586e+10 -2.338842212125286484e+10
2.047655153219567060e+09 2.536765655635155201e+09 -6.076802002268944740e+09 -3.591670048632912445e+10 -1.217119625163306999e+10 -1.188970331604881477e+10 4.918757309937546730e+09 1.819178117485650253e+10 4.899052308153530121e+09 -7.676130147728289604e+09
2.841386709005853653e+09 2.977371301916976452e+09 -6.071576239429458618e+09 -3.409392718639444733e+10 -1.188974814899115944e+10 -1.283333172700862694e+10 4.689019316620313644e+09 1.765070973268215561e+10 4.417304460552347183e+09 -6.838376054271178246e+09
-7.457367378902789354e+08 -1.005934019323044181e+09 2.435359667793311596e+09 1.467919263623008347e+10 4.918810794403055191e+09 4.689053955371295929e+09 -2.114169352841492176e+09 -7.455023573759727478e+09 -1.970438940540678024e+09 3.147169026207318783e+09
-2.944799372931303978e+09 -3.761988250568745136e+09 9.092884674434812546e+09 5.399129062171257782e+10 1.819179407059748077e+10 1.765065571535632706e+10 -7.454949170712709427e+09 -2.733886736078087997e+10 -7.331075072458920479e+09 1.160997609933890152e+10
-5.781543179019808769e+08 -8.452228503662728071e+08 2.410131036899423599e+09 1.476584614652949524e+10 4.899139569919173241e+09 4.417367464436131477e+09 -1.970446685778351068e+09 -7.331198333646320343e+09 -2.138095359256752491e+09 3.307456006753447533e+09
8.082857502712854147e+08 1.326329816121540070e+09 -3.800367441072820187e+09 -2.338854126273196030e+10 -7.676210645837195396e+09 -6.838422263765366554e+09 3.147161963080169201e+09 1.161008638344579315e+10 3.307432824930594921e+09 -5.359892351060038567e+09
