-4.652840931433397600e+02 4.440696325855035553e+01 6.767589876041641617e+01 -1.688106836758022098e+02 5.679052932395824627e+01 1.120128509194444462e+02 8.068567230984578487e+01 -6.519011400895578845e+01 -1.451357433542058573e+02 1.466238396235410057e+01
4.824686039120273051e+01 -1.850961496396171526e+02 -7.143993981187888664e+01 -1.415578704362653752e+02 -1.151058744077515739e+00 8.708034228580031311e+01 -9.936805046691040388e+01 9.641051211362869466e+00 2.277296843134833182e+02 1.411731246815487566e+02
6.877366735606504733e+01 -5.740817790931062348e+01 -3.100459779982427335e+02 -3.771378089935872708e+02 1.638051884692228910e+01 -7.504656721735877056e+01 -8.895427600141970004e+01 5.774617392844747599e+01 -6.688501569826739512e+01 -4.328142495059653783e+01
-1.701095282893599574e+02 -6.406102634478645541e+01 -3.532050659486332620e+02 -2.121139669795705231e+03 -5.234398328917161507e+02 -2.863861016751858983e+02 2.199863317706502812e+02 8.757307498395953189e+02 3.624679100709007002e+02 -4.320411124717275584e+02
5.180046681005214992e+01 1.827137563839664125e+01 4.061766079845494914e+01 -4.271321395098857465e+02 -6.966453260030822321e+02 8.801274008917818037e+01 1.740014884608569048e+02 6.874494519298772843e+01 1.124981531026470662e+02 -2.810951470843061202e+02
1.089942249938222716e+02 1.081676204849586611e+02 -5.840273292302353525e+01 -2.321681979354908663e+02 7.547970071301517692e+01 -3.809403658174329053e+02 8.075701543393024906e+01 3.114066253587590438e+01 1.211977073204660940e+02 -6.891898394915196491e+01
8.186612207803011643e+01 -1.079069025511924877e+02 -9.489783329550181179e+01 1.999358855160502060e+02 1.795739406189330225e+02 8.122075343298114092e+01 -4.078227557567620920e+02 -3.452559586527427626e+01 -2.067865917249767926e-01 -1.287531887033196938e+02
-6.039690647199647344e+01 -2.355916205145125630e+01 3.202193411819955315e+01 7.908197332489562541e+02 8.850229231835086807e+01 3.117306359187154641e+01 -3.385933346666625710e+01 -8.509810530229115102e+02 -2.593215752753985370e+01 3.795435536969604868e+02
-1.498339688960965077e+02 2.093158071570221068e+02 -5.377214141462562935e+01 4.668110257142203068e+02 1.604711832722689735e+02 1.620859236351064681e+02 -1.689748222264033828e+01 -9.072131392204335043e+01 -7.042737157226298450e+02 -1.577304001563082068e+02
1.301436491514222560e+01 1.582806106935782964e+02 -3.440612386994104810e+01 -4.093302423475828391e+02 -2.957954599965015632e+02 -7.429892767558081346e+01 -1.264614575887597852e+02 3.883269239132892494e+02 -1.869808582101892966e+02 -5.830588761237604558e+02
