-2.768478734479196646e+03 -7.851714428630210705e+02 1.645496842647087988e+03 6.088489116292641484e+03 2.819640790992109032e+03 3.785607593652737251e+03 -6.817519069943703016e+02 -4.020242968995069987e+03 -1.100509183047451188e+03 1.101666610040370642e+03
-7.517440144451343258e+02 -1.458218556973565683e+03 1.402036544949074141e+03 8.546818424817114646e+03 3.149340145232974464e+03 4.074298974992166677e+03 -1.612831418073630630e+03 -4.537708890350366346e+03 -5.811555700491142034e+02 2.034962614159003124e+03
1.648803093515615956e+03 1.515751561617999869e+03 -5.325976642107420048e+03 -2.708651889096603554e+04 -8.730540216403465820e+03 -8.461143857090128222e+03 3.181176781398931325e+03 1.346133157895376826e+04 3.302341919463927752e+03 -5.761521500309822841e+03
6.047602422100584590e+03 9.157411997076726038e+03 -2.689200654756596123e+04 -1.637388663246476499e+05 -5.355127152026195108e+04 -4.819547428610492352e+04 2.189788569327344885e+04 8.148667795988902799e+04 2.321444604406764120e+04 -3.688692075215363730e+04
2.765672075194378522e+03 3.303626709561385724e+03 -8.530584222781160861e+03 -5.275094143504573003e+04 -1.920644260043678878e+04 -1.599677188183301041e+04 7.305869695092555048e+03 2.626608380498406041e+04 7.520321114018629487e+03 -1.205639775554528569e+04
3.751416260979801336e+03 4.242933721988002617e+03 -8.328849168228107374e+03 -4.777687286453542765e+04 -1.611175825444805196e+04 -1.823281020384559451e+04 6.682223247652863392e+03 2.421787841811682301e+04 6.608961429077910907e+03 -1.001358573361947310e+04
-6.716529632524971021e+02 -1.681896993325517542e+03 3.141618484174008699e+03 2.179910925812616551e+04 7.371384408277126568e+03 6.702143537283284786e+03 -4.373344142152287532e+03 -1.060019994182187111e+04 -3.019916261400340773e+03 4.623435009454930878e+03
-3.963242988114493528e+03 -4.795427168441246067e+03 1.324366073484872322e+04 8.076072923165462271e+04 2.642019349574450825e+04 2.419402606688964806e+04 -1.055990474502656070e+04 -4.215112816803123133e+04 -1.096655673321863105e+04 1.826309444570927735e+04
-1.136707006407750669e+03 -7.252587295122608566e+02 3.413537063610112909e+03 2.405870282632844828e+04 7.920068175501756741e+03 6.940076620371557510e+03 -3.139882635130759354e+03 -1.149374289496476558e+04 -5.256000224976276513e+03 5.233612607673805542e+03
1.087692901386186122e+03 2.170598961556931044e+03 -5.704261885307759258e+03 -3.680494460760533548e+04 -1.221163139121400309e+04 -1.008309590558596938e+04 4.636964378543669227e+03 1.838921847280822840e+04 5.024855084338268171e+03 -1.015826585529604927e+04
