2.490069301690355135e+30 1.898767961912274734e+30 -2.675975670859298273e+30 -1.278347684053098492e+31 -5.028292015946720930e+30 -6.977028981599544993e+30 1.831277037422667594e+30 7.231356311010677667e+30 1.419772216614626106e+30 -1.984948990253084079e+30
1.898767961912305696e+30 1.833268789787948014e+30 -3.236870358413802991e+30 -1.738078104426214237e+31 -6.229040771758545039e+30 -7.310895092719971700e+30 2.470001082397874799e+30 9.237508693816064314e+30 2.075384786864684272e+30 -3.256686076123351410e+30
-2.675975670859429441e+30 -3.236870358413607084e+30 7.529037902894832203e+30 4.395933247424014492e+31 1.492014651456968688e+31 1.490790139864127916e+31 -5.979267137534480227e+30 -2.232510806667124449e+31 -5.917131496483130532e+30 9.330175252849351075e+30
-1.278347684053062463e+31 -1.738078104426167625e+31 4.395933247424168515e+31 2.634985475261717502e+32 8.818316435296792949e+31 8.371185010109933497e+31 -3.603929479167541489e+31 -1.325582214565312067e+32 -3.625083196459069768e+31 5.741914522982822397e+31
-5.028292015946984391e+30 -6.229040771758798366e+30 1.492014651457013724e+31 8.818316435296591187e+31 2.988351435022357774e+31 2.919374694486737933e+31 -1.207659147707280826e+31 -4.466509232622410054e+31 -1.202790631382441336e+31 1.884562066523062801e+31
-6.977028981600142846e+30 -7.310895092719486438e+30 1.490790139864180608e+31 8.371185010109551592e+31 2.919374694486723521e+31 3.151132488081394640e+31 -1.151305484599929443e+31 -4.333856844642432896e+31 -1.084572975571370974e+31 1.678976746483946955e+31
1.831277037422600885e+30 2.470001082397924058e+30 -5.979267137534521885e+30 -3.603929479167464478e+31 -1.207659147707284203e+31 -1.151305484599970200e+31 5.190527686194545555e+30 1.830323722438965924e+31 4.837526116339813818e+30 -7.726321203796831470e+30
7.231356311011063851e+30 9.237508693815266051e+30 -2.232510806667175340e+31 -1.325582214565296214e+32 -4.466509232622229009e+31 -4.333856844642529273e+31 1.830323722438942280e+31 6.712236085357931390e+31 1.799860678197586474e+31 -2.850320992385630970e+31
1.419772216614625543e+30 2.075384786864676954e+30 -5.917131496483618047e+30 -3.625083196458949522e+31 -1.202790631382370854e+31 -1.084572975571478835e+31 4.837526116339586386e+30 1.799860678197486044e+31 5.248965081971037063e+30 -8.119489921319759327e+30
-1.984948990253154729e+30 -3.256686076123193784e+30 9.330175252848863561e+30 5.741914522982386448e+31 1.884562066523060324e+31 1.678976746483971274e+31 -7.726321203797433826e+30 -2.850320992385533242e+31 -8.119489921319621967e+30 1.315798837925012038e+31
