100 0.5 0.93795
200 0.5 0.954016666667
300 0.5 0.943280555556
400 0.5 0.962972222222
500 0.5 0.957363888889
600 0.5 0.953019444444
700 0.5 0.945175
800 0.5 0.850830555556
900 0.5 0.954497222222
1000 0.5 0.975705555556
1100 0.5 0.970277777778
1200 0.5 0.961197222222
100 0.6 0.896572222222
200 0.6 0.940744444444
300 0.6 0.898566666667
400 0.6 0.958611111111
500 0.6 0.950302777778
600 0.6 0.924177777778
700 0.6 0.921155555556
800 0.6 0.753797222222
900 0.6 0.936527777778
1000 0.6 0.93415
1100 0.6 0.957225
1200 0.6 0.937955555556
100 0.7 0.868705555556
200 0.7 0.865208333333
300 0.7 0.811313888889
400 0.7 0.939444444444
500 0.7 0.927269444444
600 0.7 0.881380555556
700 0.7 0.872563888889
800 0.7 0.566613888889
900 0.7 0.879475
1000 0.7 0.902513888889
1100 0.7 0.888819444444
1200 0.7 0.867402777778
100 0.8 0.714702777778
200 0.8 0.790105555556
300 0.8 0.727886111111
400 0.8 0.866502777778
500 0.8 0.878527777778
600 0.8 0.700863888889
700 0.8 0.777497222222
800 0.8 0.335977777778
900 0.8 0.785788888889
1000 0.8 0.800141666667
1100 0.8 0.77135
1200 0.8 0.820838888889
100 0.9 0.474361111111
200 0.9 0.594241666667
300 0.9 0.51975
400 0.9 0.62765
500 0.9 0.594480555556
600 0.9 0.448038888889
700 0.9 0.456061111111
800 0.9 0.212102777778
900 0.9 0.541788888889
1000 0.9 0.530672222222
1100 0.9 0.551027777778
1200 0.9 0.615327777778
